Position	Read_Count
50	0
100	0
150	0
200	0
250	0
300	0
350	0
400	0
450	0
500	0
550	0
600	0
650	0
700	0
750	0
800	0
850	0
900	0
950	0
1000	0
1050	12
1100	15
1150	18
1200	15
1250	21
1300	19
1350	12
1400	12
1450	17
1500	23
1550	42
1600	41
1650	78
1700	67
1750	67
1800	54
1850	41
1900	33
1950	45
2000	54
2050	51
2100	48
2150	47
2200	74
2250	65
2300	69
2350	62
2400	69
2450	57
2500	47
2550	57
2600	31
2650	6
2700	15
2750	6
2800	11
2850	11
2900	8
2950	14
3000	5
3050	5
3100	7
3150	10
3200	5
3250	5
3300	10
3350	26
3400	19
3450	24
3500	31
3550	17
3600	24
3650	19
3700	16
3750	28
3800	19
3850	25
3900	29
3950	13
4000	20
4050	25
4100	21
4150	26
4200	7
4250	14
4300	25
4350	20
4400	16
4450	16
4500	15
4550	14
4600	13
4650	10
4700	20
4750	24
4800	16
4850	36
4900	12
4950	3
5000	6
5050	4
5100	3
5150	2
5200	3
5250	6
5300	1
5350	4
5400	4
5450	1
5500	1
5550	2
5600	0
5650	0
5700	2
5750	2
5800	1
5850	0
5900	4
5950	6
6000	22
6050	28
6100	26
6150	17
6200	10
6250	6
6300	3
6350	3
6400	4
6450	8
6500	14
6550	7
6600	3
6650	8
6700	3
6750	6
6800	6
6850	7
6900	4
6950	4
7000	3
7050	7
7100	3
7150	3
7200	2
7250	1
7300	3
7350	3
7400	1
7450	3
7500	5
7550	5
7600	5
7650	8
7700	6
7750	25
7800	98
7850	69
7900	66
7950	57
8000	49
8050	38
8100	54
8150	46
8200	55
8250	56
8300	81
8350	83
8400	34
8450	8
8500	4
8550	1
8600	8
8650	4
8700	5
8750	8
8800	6
8850	8
8900	4
8950	4
9000	0
9050	0
9100	0
9150	1
9200	3
9250	3
9300	4
9350	2
9400	4
9450	5
9500	3
9550	4
9600	1
9650	7
9700	1
9750	8
9800	6
9850	4
9900	6
9950	8
10000	4
10050	3
10100	3
10150	11
10200	4
10250	3
10300	5
10350	2
10400	2
10450	1
10500	2
10550	1
10600	0
10650	1
10700	1
10750	3
10800	2
10850	2
10900	1
10950	2
11000	3
11050	6
11100	10
11150	16
11200	14
11250	14
11300	17
11350	11
11400	11
11450	11
11500	3
11550	10
11600	16
11650	9
11700	5
11750	9
11800	2
11850	15
11900	14
11950	14
12000	11
12050	9
12100	7
12150	9
12200	7
12250	9
12300	4
12350	3
12400	2
12450	4
12500	9
12550	11
12600	19
12650	14
12700	24
12750	19
12800	27
12850	46
12900	36
12950	37
13000	27
13050	35
13100	24
13150	28
13200	23
13250	32
13300	25
13350	28
13400	21
13450	30
13500	25
13550	20
13600	11
13650	17
13700	19
13750	18
13800	30
13850	20
13900	20
13950	16
14000	13
14050	21
14100	8
14150	27
14200	17
14250	17
14300	13
14350	15
14400	10
14450	3
14500	9
14550	14
14600	5
14650	7
14700	9
14750	5
14800	14
14850	13
14900	20
14950	18
15000	15
15050	16
15100	18
15150	11
15200	17
15250	11
15300	5
15350	3
15400	5
15450	5
15500	4
15550	5
15600	3
15650	7
15700	5
15750	11
15800	6
15850	3
15900	8
15950	4
16000	6
16050	6
16100	7
16150	2
16200	5
16250	6
16300	0
16350	1
16400	1
16450	0
16500	7
16550	3
16600	2
16650	6
16700	7
16750	6
16800	6
16850	10
16900	5
16950	5
17000	5
17050	4
17100	2
17150	0
17200	9
17250	10
17300	12
17350	7
17400	13
17450	13
17500	5
17550	9
17600	14
17650	16
17700	14
17750	154
17800	231
17850	247
17900	221
17950	160
18000	117
18050	105
18100	90
18150	108
18200	152
18250	200
18300	203
18350	221
18400	179
18450	66
18500	5
18550	7
18600	4
18650	5
18700	6
18750	12
18800	29
18850	35
18900	37
18950	26
19000	22
19050	19
19100	25
19150	24
19200	20
19250	24
19300	7
19350	23
19400	22
19450	20
19500	24
19550	25
19600	19
19650	26
19700	37
19750	21
19800	16
19850	12
19900	9
19950	13
20000	5
20050	5
20100	5
20150	4
20200	15
20250	3
20300	3
20350	8
20400	6
20450	5
20500	3
20550	2
20600	0
20650	2
20700	1
20750	0
20800	3
20850	2
20900	7
20950	4
21000	1
21050	1
21100	2
21150	0
21200	6
21250	2
21300	3
21350	4
21400	3
21450	7
21500	4
21550	3
21600	2
21650	10
21700	5
21750	1
21800	5
21850	5
21900	3
21950	8
22000	2
22050	12
22100	9
22150	12
22200	8
22250	14
22300	10
22350	11
22400	15
22450	11
22500	7
22550	2
22600	3
22650	3
22700	10
22750	8
22800	8
22850	9
22900	13
22950	4
23000	5
23050	9
23100	18
23150	14
23200	24
23250	23
23300	7
23350	3
23400	43
23450	40
23500	61
23550	65
23600	51
23650	24
23700	36
23750	30
23800	38
23850	52
23900	52
23950	59
24000	79
24050	60
24100	70
24150	52
24200	76
24250	68
24300	61
24350	46
24400	53
24450	52
24500	71
24550	91
24600	82
24650	82
24700	72
24750	22
24800	23
24850	21
24900	10
24950	19
25000	8
25050	21
25100	13
25150	14
25200	8
25250	4
25300	4
25350	1
25400	5
25450	9
25500	8
25550	5
25600	10
25650	10
25700	7
25750	11
25800	7
25850	8
25900	6
25950	14
26000	9
26050	20
26100	8
26150	13
26200	11
26250	11
26300	8
26350	3
26400	3
26450	1
26500	3
26550	2
26600	1
26650	2
26700	1
26750	1
26800	1
26850	0
26900	1
26950	1
27000	3
27050	2
27100	8
27150	6
27200	6
27250	2
27300	5
27350	0
27400	11
27450	20
27500	21
27550	11
27600	11
27650	7
27700	7
27750	4
27800	12
27850	5
27900	3
27950	1
28000	6
28050	0
28100	4
28150	2
28200	3
28250	2
28300	2
28350	10
28400	2
28450	2
28500	7
28550	6
28600	4
28650	3
28700	1
28750	9
28800	19
28850	9
28900	11
28950	20
29000	8
29050	16
29100	23
29150	14
29200	17
29250	36
29300	24
29350	16
29400	18
29450	18
29500	20
29550	22
29600	13
29650	8
29700	6
29750	15
29800	9
29850	12
29900	13
29950	15
30000	5
30050	4
30100	3
30150	6
30200	9
30250	9
30300	19
30350	26
30400	19
30450	20
30500	16
30550	11
30600	14
30650	10
30700	17
30750	11
30800	12
30850	14
30900	11
30950	11
31000	8
31050	3
31100	7
31150	4
31200	1
31250	2
31300	4
31350	10
31400	7
31450	1
31500	6
31550	2
31600	5
31650	9
31700	5
31750	4
31800	4
31850	1
31900	4
31950	3
32000	3
32050	1
32100	2
32150	3
32200	16
32250	28
32300	34
32350	40
32400	31
32450	41
32500	23
32550	30
32600	8
32650	7
32700	2
32750	3
32800	6
32850	8
32900	8
32950	19
33000	13
33050	13
33100	15
33150	18
33200	22
33250	25
33300	35
33350	40
33400	23
33450	30
33500	159
33550	172
33600	171
33650	181
33700	148
33750	97
33800	76
33850	60
33900	48
33950	57
34000	66
34050	75
34100	93
34150	100
34200	102
34250	139
34300	124
34350	112
34400	126
34450	78
34500	23
34550	14
34600	21
34650	13
34700	20
34750	13
34800	12
34850	15
34900	22
34950	18
35000	19
35050	17
35100	18
35150	38
35200	28
35250	32
35300	35
35350	24
35400	25
35450	32
35500	43
35550	40
35600	24
35650	33
35700	17
35750	14
35800	7
35850	15
35900	10
35950	11
36000	8
36050	10
36100	10
36150	8
36200	18
36250	7
36300	24
36350	18
36400	19
36450	11
36500	9
36550	12
36600	10
36650	12
36700	13
36750	12
36800	13
36850	17
36900	11
36950	12
37000	6
37050	18
37100	19
37150	16
37200	16
37250	7
37300	8
37350	6
37400	4
37450	12
37500	10
37550	9
37600	14
37650	5
37700	7
37750	2
37800	5
37850	1
37900	2
37950	3
38000	2
38050	2
38100	8
38150	5
38200	41
38250	89
38300	94
38350	115
38400	86
38450	92
38500	43
38550	3
38600	1
38650	3
38700	1
38750	2
38800	1
38850	1
38900	0
38950	2
39000	2
39050	1
39100	5
39150	2
39200	6
39250	4
39300	1
39350	4
39400	2
39450	0
39500	0
39550	3
39600	1
39650	4
39700	3
39750	4
39800	3
39850	0
39900	4
39950	2
40000	1
40050	2
40100	2
40150	0
40200	1
40250	1
40300	0
40350	3
40400	4
40450	2
40500	2
40550	3
40600	3
40650	2
40700	0
40750	14
40800	10
40850	11
40900	31
40950	30
41000	27
41050	17
41100	18
41150	23
41200	55
41250	47
41300	36
41350	38
41400	38
41450	47
41500	23
41550	24
41600	44
41650	44
41700	53
41750	43
41800	50
41850	41
41900	40
41950	34
42000	50
42050	43
42100	42
42150	49
42200	25
42250	28
42300	24
42350	30
42400	35
42450	27
42500	41
42550	29
42600	13
42650	13
42700	10
42750	8
42800	29
42850	49
42900	36
42950	51
43000	45
43050	30
43100	21
43150	24
43200	27
43250	22
43300	31
43350	28
43400	21
43450	23
43500	38
43550	39
43600	44
43650	94
43700	128
43750	88
43800	107
43850	89
43900	75
43950	57
44000	61
44050	29
44100	40
44150	43
44200	45
44250	44
44300	75
44350	121
44400	134
44450	105
44500	76
44550	52
44600	64
44650	48
44700	47
44750	93
44800	105
44850	79
44900	221
44950	291
45000	269
45050	250
45100	226
45150	171
45200	131
45250	159
45300	128
45350	152
45400	130
45450	177
45500	184
45550	109
45600	69
45650	70
45700	24
45750	23
45800	24
45850	18
45900	29
45950	48
46000	40
46050	43
46100	39
46150	49
46200	37
46250	25
46300	18
46350	20
46400	13
46450	9
46500	8
46550	20
46600	5
46650	8
46700	9
46750	11
46800	3
46850	9
46900	5
46950	10
47000	18
47050	25
47100	26
47150	20
47200	28
47250	46
47300	65
47350	49
47400	58
47450	78
47500	60
47550	48
47600	42
47650	32
47700	26
47750	30
47800	28
47850	20
47900	46
47950	55
48000	40
48050	51
48100	57
48150	51
48200	45
48250	25
48300	27
48350	19
48400	10
48450	10
48500	20
48550	11
48600	33
48650	37
48700	45
48750	43
48800	23
48850	26
48900	14
48950	15
49000	13
49050	46
49100	33
49150	39
49200	43
49250	52
49300	13
49350	34
49400	27
49450	47
49500	43
49550	57
49600	62
49650	70
49700	43
49750	13
49800	14
49850	21
49900	20
49950	15
50000	25
50050	22
50100	16
50150	11
50200	8
50250	2
50300	2
50350	6
50400	2
50450	1
50500	3
50550	1
50600	2
50650	2
50700	7
50750	4
50800	10
50850	17
50900	9
50950	21
51000	13
51050	3
51100	2
51150	1
51200	4
51250	5
51300	1
51350	2
51400	4
51450	44
51500	85
51550	72
51600	147
51650	156
51700	170
51750	137
51800	120
51850	135
51900	124
51950	74
52000	86
52050	98
52100	67
52150	45
52200	12
52250	4
52300	1
52350	4
52400	7
52450	28
52500	30
52550	43
52600	35
52650	50
52700	33
52750	6
52800	5
52850	9
52900	6
52950	2
53000	4
53050	7
53100	5
53150	6
53200	5
53250	7
53300	4
53350	6
53400	0
53450	4
53500	1
53550	6
53600	5
53650	5
53700	10
53750	7
53800	9
53850	3
53900	4
53950	1
54000	5
54050	4
54100	7
54150	7
54200	6
54250	9
54300	7
54350	15
54400	34
54450	19
54500	25
54550	29
54600	22
54650	21
54700	2
54750	1
54800	4
54850	8
54900	1
54950	5
55000	5
55050	0
55100	1
55150	0
55200	3
55250	2
55300	1
55350	3
55400	1
55450	2
55500	2
55550	2
55600	4
55650	4
55700	0
55750	3
55800	1
55850	2
55900	1
55950	4
56000	1
56050	0
56100	0
56150	2
56200	0
56250	1
56300	0
56350	0
56400	0
56450	1
56500	0
56550	0
56600	1
56650	1
56700	2
56750	2
56800	4
56850	6
56900	5
56950	8
57000	5
57050	5
57100	5
57150	9
57200	7
57250	19
57300	13
57350	22
57400	14
57450	6
57500	20
57550	17
57600	6
57650	8
57700	7
57750	7
57800	15
57850	15
57900	13
57950	20
58000	19
58050	19
58100	6
58150	7
58200	3
58250	8
58300	9
58350	7
58400	9
58450	9
58500	5
58550	3
58600	2
58650	2
58700	1
58750	4
58800	7
58850	3
58900	2
58950	2
59000	2
59050	8
59100	7
59150	6
59200	3
59250	8
59300	5
59350	3
59400	4
59450	6
59500	7
59550	7
59600	10
59650	8
59700	6
59750	3
59800	1
59850	2
59900	0
59950	3
60000	2
60050	0
60100	1
60150	1
60200	0
60250	1
60300	0
60350	0
60400	2
60450	0
60500	2
60550	6
60600	4
60650	2
60700	4
60750	3
60800	11
60850	18
60900	22
60950	14
61000	10
61050	21
61100	22
61150	19
61200	2
61250	4
61300	5
61350	2
61400	2
61450	2
61500	7
61550	3
61600	6
61650	0
61700	1
61750	0
61800	1
61850	3
61900	1
61950	2
62000	1
62050	2
62100	1
62150	1
62200	1
62250	0
62300	0
62350	2
62400	1
62450	5
62500	5
62550	3
62600	4
62650	3
62700	1
62750	6
62800	3
62850	0
62900	1
62950	1
63000	1
63050	1
63100	1
63150	1
63200	3
63250	0
63300	2
63350	0
63400	0
63450	1
63500	0
63550	2
63600	1
63650	3
63700	0
63750	1
63800	3
63850	2
63900	3
63950	4
64000	5
64050	1
64100	1
64150	2
64200	10
64250	10
64300	11
64350	4
64400	10
64450	11
64500	8
64550	13
64600	10
64650	16
64700	13
64750	7
64800	9
64850	2
64900	4
64950	5
65000	3
65050	3
65100	4
65150	1
65200	5
65250	2
65300	1
65350	2
65400	1
65450	4
65500	3
65550	1
65600	2
65650	3
65700	3
65750	1
65800	1
65850	5
65900	3
65950	7
66000	10
66050	8
66100	5
66150	6
66200	4
66250	8
66300	11
66350	3
66400	4
66450	3
66500	1
66550	5
66600	2
66650	4
66700	3
66750	5
66800	4
66850	6
66900	5
66950	2
67000	4
67050	12
67100	64
67150	54
67200	54
67250	43
67300	27
67350	29
67400	19
67450	13
67500	13
67550	7
67600	8
67650	9
67700	10
67750	20
67800	19
67850	22
67900	22
67950	36
68000	47
68050	51
68100	74
68150	48
68200	58
68250	15
68300	20
68350	35
68400	34
68450	34
68500	36
68550	26
68600	40
68650	1049
68700	3662
68750	3908
68800	2794
68850	3868
68900	2661
68950	1937
69000	1421
69050	931
69100	422
69150	262
69200	199
69250	338
69300	589
69350	987
69400	1918
69450	2889
69500	4072
69550	3616
69600	3785
69650	3976
69700	747
69750	77
69800	78
69850	81
69900	132
69950	99
70000	65
70050	54
70100	46
70150	25
70200	16
70250	20
70300	18
70350	26
70400	30
70450	26
70500	25
70550	38
70600	22
70650	23
70700	31
70750	46
70800	12
70850	18
70900	14
70950	18
71000	16
71050	12
71100	14
71150	11
71200	12
71250	11
71300	21
71350	17
71400	18
71450	34
71500	35
71550	30
71600	17
71650	11
71700	13
71750	12
71800	7
71850	11
71900	11
71950	15
72000	12
72050	24
72100	15
72150	13
72200	279
72250	662
72300	854
72350	877
72400	954
72450	1032
72500	963
72550	937
72600	500
72650	327
72700	14
72750	9
72800	11
72850	15
72900	20
72950	32
73000	19
73050	27
73100	17
73150	12
73200	15
73250	18
73300	19
73350	9
73400	9
73450	20
73500	18
73550	27
73600	15
73650	6
73700	5
73750	6
73800	12
73850	8
73900	10
73950	13
74000	16
74050	20
74100	14
74150	14
74200	9
74250	21
74300	22
74350	23
74400	14
74450	8
74500	16
74550	8
74600	6
74650	9
74700	8
74750	8
74800	4
74850	14
74900	6
74950	7
75000	9
75050	22
75100	58
75150	56
75200	58
75250	43
75300	34
75350	28
75400	20
75450	27
75500	20
75550	24
75600	45
75650	48
75700	52
75750	67
75800	53
75850	14
75900	12
75950	12
76000	13
76050	28
76100	29
76150	34
76200	36
76250	26
76300	17
76350	22
76400	20
76450	16
76500	23
76550	35
76600	31
76650	50
76700	35
76750	39
76800	45
76850	40
76900	36
76950	24
77000	24
77050	26
77100	24
77150	18
77200	14
77250	35
77300	36
77350	34
77400	28
77450	44
77500	34
77550	23
77600	35
77650	38
77700	19
77750	22
77800	10
77850	15
77900	16
77950	8
78000	5
78050	3
78100	6
78150	6
78200	13
78250	7
78300	6
78350	8
78400	13
78450	17
78500	19
78550	11
78600	8
78650	16
78700	20
78750	11
78800	11
78850	10
78900	26
78950	22
79000	37
79050	106
79100	109
79150	114
79200	93
79250	58
79300	60
79350	55
79400	30
79450	47
79500	49
79550	47
79600	60
79650	93
79700	127
79750	118
79800	102
79850	146
79900	123
79950	133
80000	176
80050	161
80100	162
80150	158
80200	117
80250	88
80300	25
80350	39
80400	20
80450	20
80500	33
80550	21
80600	20
80650	42
80700	48
80750	63
80800	97
80850	122
80900	152
80950	142
81000	123
81050	124
81100	36
81150	18
81200	16
81250	10
81300	12
81350	8
81400	7
81450	6
81500	12
81550	11
81600	18
81650	8
81700	8
81750	12
81800	11
81850	14
81900	7
81950	8
82000	7
82050	5
82100	9
82150	15
82200	11
82250	19
82300	22
82350	17
82400	21
82450	28
82500	15
82550	32
82600	9
82650	16
82700	18
82750	16
82800	17
82850	12
82900	7
82950	7
83000	4
83050	10
83100	15
83150	7
83200	8
83250	6
83300	4
83350	7
83400	8
83450	14
83500	11
83550	13
83600	23
83650	12
83700	13
83750	18
83800	15
83850	21
83900	16
83950	16
84000	9
84050	6
84100	5
84150	10
84200	6
84250	8
84300	6
84350	5
84400	17
84450	6
84500	13
84550	17
84600	18
84650	17
84700	13
84750	8
84800	8
84850	5
84900	3
84950	28
85000	59
85050	9
85100	1
85150	4
85200	4
85250	3
85300	3
85350	1
85400	0
85450	3
85500	3
85550	5
85600	2
85650	1
85700	0
85750	1
85800	2
85850	1
85900	1
85950	3
86000	2
86050	0
86100	1
86150	2
86200	0
86250	0
86300	1
86350	4
86400	1
86450	0
86500	1
86550	2
86600	11
86650	13
86700	19
86750	9
86800	10
86850	11
86900	8
86950	6
87000	9
87050	6
87100	7
87150	10
87200	14
87250	21
87300	18
87350	18
87400	25
87450	21
87500	18
87550	3
87600	12
87650	13
87700	20
87750	19
87800	29
87850	49
87900	27
87950	31
88000	27
88050	32
88100	35
88150	23
88200	32
88250	34
88300	16
88350	12
88400	27
88450	24
88500	23
88550	30
88600	28
88650	41
88700	4
88750	1
88800	4
88850	6
88900	6
88950	5
89000	7
89050	2
89100	2
89150	1
89200	4
89250	1
89300	8
89350	1
89400	4
89450	1
89500	5
89550	3
89600	5
89650	10
89700	2
89750	4
89800	2
89850	1
89900	8
89950	7
90000	11
90050	13
90100	13
90150	14
90200	2
90250	10
90300	12
90350	7
90400	12
90450	13
90500	11
90550	9
90600	5
90650	9
90700	10
90750	3
90800	10
90850	5
90900	8
90950	11
91000	0
91050	0
91100	2
91150	0
91200	0
91250	1
91300	2
91350	1
91400	1
91450	0
91500	1
91550	1
91600	2
91650	0
91700	2
91750	2
91800	0
91850	2
91900	4
91950	1
92000	5
92050	10
92100	9
92150	9
92200	17
92250	9
92300	7
92350	8
92400	4
92450	5
92500	9
92550	14
92600	10
92650	6
92700	10
92750	7
92800	12
92850	6
92900	3
92950	7
93000	12
93050	8
93100	5
93150	4
93200	7
93250	3
93300	7
93350	5
93400	2
93450	4
93500	3
93550	2
93600	2
93650	0
93700	0
93750	2
93800	2
93850	1
93900	2
93950	2
94000	3
94050	1
94100	1
94150	2
94200	3
94250	3
94300	0
94350	2
94400	5
94450	1
94500	2
94550	2
94600	2
94650	4
94700	1
94750	4
94800	4
94850	0
94900	3
94950	1
95000	1
95050	0
95100	0
95150	1
95200	1
95250	1
95300	3
95350	3
95400	3
95450	3
95500	8
95550	3
95600	4
95650	7
95700	6
95750	7
95800	8
95850	6
95900	10
95950	12
96000	8
96050	11
96100	15
96150	8
96200	6
96250	3
96300	0
96350	2
96400	11
96450	9
96500	11
96550	12
96600	10
96650	9
96700	13
96750	5
96800	5
96850	1
96900	3
96950	7
97000	7
97050	9
97100	13
97150	9
97200	12
97250	10
97300	12
97350	13
97400	16
97450	10
97500	9
97550	9
97600	3
97650	5
97700	6
97750	5
97800	3
97850	4
97900	4
97950	5
98000	5
98050	3
98100	5
98150	9
98200	7
98250	13
98300	6
98350	14
98400	13
98450	17
98500	15
98550	19
98600	27
98650	44
98700	45
98750	62
98800	63
98850	67
98900	71
98950	76
99000	67
99050	57
99100	50
99150	22
99200	23
99250	18
99300	12
99350	17
99400	12
99450	22
99500	22
99550	42
99600	47
99650	47
99700	52
99750	62
99800	51
99850	42
99900	17
99950	10
100000	22
100050	16
100100	17
100150	13
100200	16
100250	27
100300	21
100350	16
100400	12
100450	15
100500	13
100550	12
100600	14
100650	188
100700	173
100750	181
100800	146
100850	156
100900	90
100950	58
101000	25
101050	25
101100	26
101150	32
101200	35
101250	57
101300	91
101350	132
101400	170
101450	185
101500	207
101550	197
101600	51
101650	13
101700	9
101750	6
101800	10
101850	11
101900	7
101950	10
102000	17
102050	25
102100	27
102150	48
102200	18
102250	32
102300	29
102350	16
102400	19
102450	13
102500	11
102550	15
102600	17
102650	12
102700	7
102750	23
102800	21
102850	35
102900	30
102950	37
103000	42
103050	35
103100	29
103150	18
103200	8
103250	14
103300	10
103350	10
103400	16
103450	20
103500	18
103550	15
103600	21
103650	16
103700	15
103750	11
103800	12
103850	14
103900	16
103950	19
104000	14
104050	7
104100	2
104150	6
104200	9
104250	5
104300	6
104350	9
104400	12
104450	6
104500	12
104550	12
104600	4
104650	6
104700	0
104750	3
104800	2
104850	4
104900	2
104950	3
105000	1
105050	2
105100	0
105150	5
105200	4
105250	4
105300	3
105350	2
105400	3
105450	4
105500	1
105550	1
105600	4
105650	2
105700	3
105750	1
105800	0
105850	5
105900	2
105950	6
106000	6
106050	2
106100	2
106150	3
106200	4
106250	0
106300	7
106350	6
106400	3
106450	5
106500	2
106550	1
106600	3
106650	11
106700	7
106750	11
106800	12
106850	12
106900	13
106950	11
107000	11
107050	11
107100	12
107150	5
107200	8
107250	21
107300	21
107350	32
107400	32
107450	82
107500	85
107550	61
107600	46
107650	29
107700	36
107750	24
107800	38
107850	42
107900	71
107950	43
108000	52
108050	56
108100	24
108150	16
108200	15
108250	10
108300	3
108350	5
108400	2
108450	2
108500	7
108550	7
108600	14
108650	13
108700	6
108750	12
108800	8
108850	8
108900	4
108950	1
109000	3
109050	2
109100	10
109150	7
109200	10
109250	14
109300	12
109350	12
109400	7
109450	8
109500	17
109550	33
109600	18
109650	17
109700	12
109750	26
109800	19
109850	13
109900	20
109950	11
110000	1
110050	7
110100	9
110150	7
110200	5
110250	11
110300	5
110350	2
110400	12
110450	8
110500	8
110550	2
110600	2
110650	4
110700	2
110750	3
110800	9
110850	8
110900	13
110950	11
111000	10
111050	8
111100	6
111150	16
111200	6
111250	9
111300	5
111350	3
111400	2
111450	1
111500	5
111550	6
111600	4
111650	4
111700	1
111750	2
111800	3
111850	4
111900	0
111950	0
112000	0
112050	0
112100	3
112150	3
112200	4
112250	2
112300	7
112350	5
112400	7
112450	4
112500	3
112550	3
112600	6
112650	10
112700	8
112750	8
112800	2
112850	11
112900	8
112950	6
113000	12
113050	21
113100	14
113150	20
113200	15
113250	18
113300	18
113350	16
113400	6
113450	10
113500	4
113550	6
113600	14
113650	16
113700	7
113750	8
113800	17
113850	18
113900	16
113950	46
114000	55
114050	37
114100	41
114150	32
114200	41
114250	58
114300	39
114350	50
114400	43
114450	32
114500	40
114550	39
114600	30
114650	21
114700	8
114750	14
114800	11
114850	29
114900	36
114950	37
115000	41
115050	47
115100	47
115150	42
115200	15
115250	15
115300	29
115350	14
115400	18
115450	20
115500	7
115550	5
115600	10
115650	12
115700	14
115750	10
115800	13
115850	10
115900	3
115950	3
116000	2
116050	0
116100	6
116150	1
116200	4
116250	6
116300	7
116350	7
116400	9
116450	24
116500	24
116550	15
116600	15
116650	16
116700	14
116750	18
116800	12
116850	14
116900	16
116950	26
117000	16
117050	21
117100	12
117150	14
117200	17
117250	12
117300	6
117350	8
117400	9
117450	8
117500	9
117550	4
117600	5
117650	3
117700	0
117750	0
117800	1
117850	0
117900	0
117950	2
118000	1
118050	5
118100	5
118150	4
118200	7
118250	5
118300	5
118350	4
118400	3
118450	3
118500	4
118550	4
118600	2
118650	2
118700	1
118750	1
118800	2
118850	2
118900	3
118950	1
119000	1
119050	2
119100	6
119150	4
119200	2
119250	5
119300	6
119350	7
119400	22
119450	32
119500	36
119550	29
119600	37
119650	32
119700	42
119750	27
119800	30
119850	34
119900	40
119950	45
120000	32
120050	27
120100	9
120150	8
120200	5
120250	2
120300	7
120350	6
120400	9
120450	7
120500	8
120550	6
120600	4
120650	3
120700	8
120750	5
120800	10
120850	7
120900	5
120950	6
121000	3
121050	9
121100	4
121150	4
121200	5
121250	2
121300	7
121350	7
121400	8
121450	7
121500	0
121550	5
121600	4
121650	0
121700	1
121750	0
121800	1
121850	0
121900	0
121950	0
122000	0
122050	0
122100	1
122150	0
122200	2
122250	1
122300	1
122350	2
122400	1
122450	4
122500	1
122550	0
122600	0
122650	7
122700	7
122750	23
122800	55
122850	47
122900	60
122950	62
123000	52
123050	29
123100	5
123150	9
123200	7
123250	5
123300	14
123350	8
123400	9
123450	2
123500	1
123550	1
123600	1
123650	0
123700	0
123750	0
123800	0
123850	1
123900	1
123950	0
124000	0
124050	0
124100	2
124150	4
124200	3
124250	1
124300	2
124350	6
124400	5
124450	7
124500	14
124550	16
124600	9
124650	11
124700	14
124750	13
124800	9
124850	7
124900	6
124950	7
125000	7
125050	8
125100	9
125150	5
125200	6
125250	8
125300	9
125350	10
125400	6
125450	8
125500	10
125550	11
125600	9
125650	12
125700	2
125750	2
125800	6
125850	2
125900	1
125950	6
126000	4
126050	2
126100	3
126150	3
126200	1
126250	3
126300	1
126350	5
126400	5
126450	2
126500	4
126550	3
126600	3
126650	1
126700	4
126750	7
126800	6
126850	4
126900	8
126950	5
127000	5
127050	3
127100	4
127150	2
127200	5
127250	5
127300	0
127350	5
127400	3
127450	4
127500	21
127550	22
127600	20
127650	15
127700	10
127750	15
127800	11
127850	17
127900	14
127950	19
128000	21
128050	8
128100	5
128150	44
128200	57
128250	62
128300	73
128350	60
128400	62
128450	69
128500	58
128550	66
128600	29
128650	13
128700	14
128750	7
128800	5
128850	8
128900	9
128950	14
129000	18
129050	20
129100	17
129150	34
129200	27
129250	31
129300	30
129350	28
129400	17
129450	10
129500	14
129550	13
129600	11
129650	18
129700	24
129750	12
129800	21
129850	14
129900	21
129950	14
130000	1
130050	10
130100	11
130150	6
130200	2
130250	7
130300	3
130350	4
130400	2
130450	1
130500	1
130550	1
130600	0
130650	0
130700	0
130750	0
130800	0
130850	0
130900	2
130950	3
131000	8
131050	14
131100	16
131150	29
131200	17
131250	15
131300	9
131350	7
131400	13
131450	9
131500	12
131550	20
131600	21
131650	16
131700	15
131750	13
131800	15
131850	12
131900	12
131950	12
132000	21
132050	17
132100	18
132150	25
132200	16
132250	13
132300	23
132350	18
132400	16
132450	14
132500	13
132550	12
132600	16
132650	13
132700	9
132750	11
132800	11
132850	8
132900	4
132950	15
133000	18
133050	23
133100	19
133150	16
133200	21
133250	17
133300	10
133350	13
133400	9
133450	5
133500	6
133550	7
133600	13
133650	11
133700	11
133750	12
133800	13
133850	11
133900	16
133950	18
134000	22
134050	30
134100	28
134150	27
134200	25
134250	17
134300	14
134350	14
134400	10
134450	10
134500	3
134550	13
134600	10
134650	5
134700	2
134750	8
134800	3
134850	5
134900	2
134950	5
135000	1
135050	1
135100	6
135150	5
135200	1
135250	3
135300	6
135350	13
135400	12
135450	15
135500	9
135550	10
135600	10
135650	7
135700	10
135750	20
135800	30
135850	27
135900	32
135950	20
136000	12
136050	13
136100	9
136150	11
136200	16
136250	24
136300	26
136350	18
136400	29
136450	28
136500	29
136550	21
136600	26
136650	24
136700	18
136750	41
136800	77
136850	78
136900	85
136950	71
137000	77
137050	65
137100	72
137150	67
137200	32
137250	43
137300	29
137350	31
137400	49
137450	53
137500	31
137550	26
137600	33
137650	37
137700	35
137750	34
137800	38
137850	43
137900	14
137950	30
138000	19
138050	17
138100	12
138150	11
138200	6
138250	18
138300	14
138350	14
138400	9
138450	16
138500	25
138550	29
138600	40
138650	78
138700	61
138750	54
138800	53
138850	34
138900	40
138950	38
139000	40
139050	41
139100	38
139150	38
139200	24
139250	19
139300	20
139350	14
139400	10
139450	38
139500	53
139550	44
139600	52
139650	44
139700	46
139750	47
139800	35
139850	21
139900	23
139950	13
140000	23
140050	26
140100	40
140150	33
140200	30
140250	34
140300	19
140350	3
140400	5
140450	3
140500	13
140550	8
140600	1
140650	0
140700	0
140750	0
140800	0
140850	1
140900	1
140950	2
141000	0
141050	7
141100	9
141150	11
141200	10
141250	7
141300	7
141350	7
141400	6
141450	1
141500	3
141550	2
141600	1
141650	6
141700	11
141750	7
141800	15
141850	8
141900	14
141950	9
142000	7
142050	5
142100	5
142150	12
142200	2
142250	4
142300	9
142350	7
142400	9
142450	8
142500	12
142550	15
142600	8
142650	12
142700	16
142750	12
142800	8
142850	12
142900	6
142950	14
143000	12
143050	9
143100	10
143150	14
143200	8
143250	13
143300	8
143350	12
143400	25
143450	22
143500	38
143550	28
143600	36
143650	21
143700	34
143750	33
143800	29
143850	11
143900	17
143950	20
144000	15
144050	14
144100	12
144150	19
144200	46
144250	27
144300	38
144350	29
144400	38
144450	32
144500	25
144550	17
144600	18
144650	11
144700	16
144750	21
144800	19
144850	35
144900	29
144950	39
145000	34
145050	65
145100	11
145150	7
145200	9
145250	5
145300	3
145350	4
145400	5
145450	1
145500	3
145550	2
145600	2
145650	0
145700	7
145750	15
145800	2
145850	10
145900	14
145950	6
146000	5
146050	9
146100	7
146150	10
146200	4
146250	5
146300	3
146350	4
146400	6
146450	6
146500	8
146550	13
146600	8
146650	14
146700	6
146750	1
146800	2
146850	3
146900	1
146950	1
147000	2
147050	4
147100	3
147150	7
147200	12
147250	10
147300	8
147350	11
147400	19
147450	13
147500	16
147550	12
147600	14
147650	15
147700	10
147750	12
147800	6
147850	12
147900	6
147950	10
148000	19
148050	15
148100	16
148150	13
148200	19
148250	6
148300	18
148350	18
148400	14
148450	21
148500	19
148550	24
148600	15
148650	10
148700	17
148750	16
148800	6
148850	12
148900	8
148950	7
149000	5
149050	6
149100	4
149150	2
149200	2
149250	7
149300	9
149350	5
149400	13
149450	6
149500	7
149550	4
149600	0
149650	4
149700	4
149750	5
149800	5
149850	6
149900	4
149950	3
150000	10
150050	6
150100	4
150150	4
150200	2
150250	4
150300	7
150350	11
150400	12
150450	6
150500	6
150550	11
150600	10
150650	15
150700	29
150750	27
150800	31
150850	35
150900	20
150950	33
151000	27
151050	27
151100	20
151150	26
151200	5
151250	5
151300	1
151350	8
151400	8
151450	13
151500	7
151550	8
151600	4
151650	4
151700	11
151750	4
151800	13
151850	7
151900	4
151950	0
152000	2
152050	1
152100	3
152150	2
152200	8
152250	5
152300	13
152350	9
152400	8
152450	9
152500	12
152550	12
152600	8
152650	6
152700	11
152750	6
152800	1
152850	5
152900	7
152950	11
153000	20
153050	8
153100	10
153150	13
153200	3
153250	7
153300	9
153350	5
153400	4
153450	9
153500	9
153550	6
153600	5
153650	8
153700	4
153750	5
153800	7
153850	8
153900	8
153950	8
154000	13
154050	11
154100	4
154150	34
154200	46
154250	63
154300	68
154350	72
154400	59
154450	64
154500	70
154550	59
154600	68
154650	174
154700	147
154750	111
154800	127
154850	100
154900	81
154950	85
155000	71
155050	61
155100	84
155150	86
155200	103
155250	129
155300	135
155350	146
155400	133
155450	55
155500	33
155550	28
155600	31
155650	13
155700	17
155750	35
155800	35
155850	47
155900	48
155950	46
156000	54
156050	62
156100	38
156150	44
156200	29
156250	33
156300	11
156350	13
156400	14
156450	10
156500	7
156550	4
156600	7
156650	6
156700	8
156750	7
156800	5
156850	9
156900	5
156950	8
157000	9
157050	8
157100	7
157150	17
157200	8
157250	7
157300	12
157350	19
157400	13
157450	5
157500	14
157550	10
157600	11
157650	9
157700	10
157750	15
157800	5
157850	7
157900	5
157950	4
158000	6
158050	3
158100	5
158150	11
158200	7
158250	4
158300	5
158350	3
158400	4
158450	4
158500	5
158550	6
158600	4
158650	5
158700	6
158750	4
158800	7
158850	7
158900	4
158950	7
159000	3
159050	9
159100	12
159150	85
159200	160
159250	227
159300	191
159350	176
159400	86
159450	11
159500	15
159550	4
159600	4
159650	9
159700	13
159750	10
159800	10
159850	22
159900	15
159950	9
160000	7
160050	11
160100	12
160150	12
160200	19
160250	15
160300	10
160350	16
160400	18
160450	14
160500	22
160550	18
160600	5
160650	7
160700	11
160750	2
160800	10
160850	15
160900	9
160950	18
161000	16
161050	13
161100	11
161150	5
161200	1
161250	5
161300	7
161350	14
161400	15
161450	19
161500	23
161550	18
161600	23
161650	15
161700	13
161750	11
161800	11
161850	5
161900	6
161950	7
162000	1
162050	3
162100	1
162150	7
162200	10
162250	13
162300	12
162350	4
162400	10
162450	17
162500	8
162550	16
162600	22
162650	24
162700	31
162750	25
162800	25
162850	14
162900	10
162950	6
163000	4
163050	13
163100	11
163150	8
163200	18
163250	21
163300	30
163350	20
163400	44
163450	27
163500	21
163550	7
163600	4
163650	5
163700	7
163750	7
163800	3
163850	0
163900	5
163950	2
164000	7
164050	1
164100	7
164150	2
164200	5
164250	6
164300	5
164350	6
164400	1
164450	2
164500	38
164550	72
164600	76
164650	75
164700	69
164750	50
164800	51
164850	37
164900	27
164950	14
165000	10
165050	15
165100	9
165150	19
165200	17
165250	29
165300	27
165350	40
165400	52
165450	65
165500	72
165550	76
165600	59
165650	19
165700	27
165750	3
165800	3
165850	4
165900	2
165950	4
166000	2
166050	4
166100	1
166150	4
166200	5
166250	2
166300	3
166350	6
166400	3
166450	2
166500	3
166550	1
166600	1
166650	0
166700	6
166750	6
166800	6
166850	9
166900	11
166950	6
167000	8
167050	14
167100	14
167150	13
167200	15
167250	16
167300	11
167350	16
167400	12
167450	12
167500	4
167550	13
167600	16
167650	15
167700	9
167750	23
167800	12
167850	14
167900	11
167950	19
168000	19
168050	23
168100	17
168150	19
168200	19
168250	28
168300	32
168350	25
168400	26
168450	26
168500	19
168550	16
168600	18
168650	16
168700	17
168750	21
168800	15
168850	15
168900	8
168950	5
169000	3
169050	6
169100	3
169150	5
169200	8
169250	2
169300	8
169350	10
169400	7
169450	9
169500	3
169550	7
169600	10
169650	7
169700	3
169750	7
169800	4
169850	8
169900	19
169950	25
170000	20
170050	20
170100	24
170150	10
170200	16
170250	17
170300	12
170350	8
170400	7
170450	4
170500	4
170550	1
170600	7
170650	7
170700	10
170750	15
170800	18
170850	9
170900	10
170950	5
171000	8
171050	7
171100	6
171150	8
171200	5
171250	7
171300	7
171350	14
171400	16
171450	36
171500	63
171550	95
171600	70
171650	54
171700	65
171750	53
171800	65
171850	63
171900	53
171950	69
172000	36
172050	51
172100	32
172150	24
172200	35
172250	29
172300	31
172350	42
172400	38
172450	33
172500	41
172550	42
172600	39
172650	31
172700	37
172750	20
172800	8
172850	9
172900	15
172950	13
173000	14
173050	8
173100	7
173150	6
173200	10
173250	2
173300	9
173350	13
173400	23
173450	16
173500	13
173550	30
173600	25
173650	27
173700	28
173750	15
173800	26
173850	23
173900	19
173950	18
174000	5
174050	3
174100	5
174150	3
174200	10
174250	15
174300	16
174350	24
174400	32
174450	33
174500	38
174550	33
174600	32
174650	30
174700	18
174750	20
174800	5
174850	4
174900	3
174950	1
175000	7
175050	4
175100	0
175150	1
175200	1
175250	5
175300	4
175350	4
175400	3
175450	2
175500	7
175550	2
175600	3
175650	7
175700	2
175750	4
175800	4
175850	2
175900	1
175950	3
176000	0
176050	4
176100	4
176150	5
176200	4
176250	2
176300	0
176350	2
176400	3
176450	3
176500	2
176550	1
176600	2
176650	2
176700	1
176750	3
176800	6
176850	3
176900	1
176950	3
177000	5
177050	3
177100	3
177150	0
177200	2
177250	0
177300	2
177350	2
177400	7
177450	7
177500	6
177550	10
177600	13
177650	22
177700	19
177750	18
177800	15
177850	18
177900	9
177950	13
178000	14
178050	18
178100	50
178150	35
178200	47
178250	38
178300	38
178350	42
178400	53
178450	55
178500	47
178550	43
178600	48
178650	37
178700	14
178750	13
178800	13
178850	17
178900	13
178950	8
179000	4
179050	11
179100	14
179150	10
179200	16
179250	16
179300	17
179350	8
179400	11
179450	11
179500	11
179550	9
179600	13
179650	9
179700	10
179750	11
179800	25
179850	38
179900	39
179950	48
180000	32
180050	58
180100	50
180150	47
180200	576
180250	680
180300	704
180350	755
180400	825
180450	806
180500	718
180550	645
180600	599
180650	299
180700	46
180750	35
180800	27
180850	25
180900	22
180950	15
181000	31
181050	29
181100	39
181150	45
181200	44
181250	59
181300	49
181350	3
181400	8
181450	4
181500	6
181550	10
181600	11
181650	6
181700	1
181750	3
181800	4
181850	4
181900	5
181950	4
182000	6
182050	0
182100	1
182150	1
182200	2
182250	1
182300	2
182350	4
182400	6
182450	9
182500	12
182550	5
182600	2
182650	6
182700	10
182750	11
182800	10
182850	15
182900	15
182950	15
183000	19
183050	11
183100	21
183150	26
183200	46
183250	42
183300	54
183350	43
183400	24
183450	31
183500	24
183550	24
183600	20
183650	14
183700	15
183750	13
183800	19
183850	21
183900	7
183950	7
184000	8
184050	16
184100	20
184150	24
184200	11
184250	12
184300	13
184350	27
184400	23
184450	15
184500	23
184550	22
184600	10
184650	10
184700	15
184750	15
184800	10
184850	10
184900	14
184950	34
185000	18
185050	29
185100	28
185150	16
185200	20
185250	32
185300	24
185350	47
185400	28
185450	30
185500	37
185550	133
185600	427
185650	340
185700	453
185750	526
185800	447
185850	470
185900	409
185950	305
186000	39
186050	40
186100	32
186150	37
186200	36
186250	26
186300	27
186350	33
186400	30
186450	12
186500	9
186550	8
186600	14
186650	10
186700	12
186750	15
186800	20
186850	13
186900	13
186950	19
187000	23
187050	21
187100	29
187150	40
187200	26
187250	18
187300	34
187350	20
187400	34
187450	16
187500	35
187550	33
187600	51
187650	49
187700	31
187750	37
187800	34
187850	38
187900	36
187950	28
188000	32
188050	39
188100	32
188150	24
188200	27
188250	30
188300	29
188350	39
188400	39
188450	35
188500	49
188550	42
188600	40
188650	22
188700	34
188750	35
188800	24
188850	26
188900	24
188950	30
189000	25
189050	20
189100	10
189150	13
189200	13
189250	12
189300	8
189350	10
189400	8
189450	8
189500	16
189550	14
189600	18
189650	18
189700	9
189750	11
189800	12
189850	12
189900	13
189950	16
190000	22
190050	13
190100	16
190150	7
190200	8
190250	10
190300	9
190350	8
190400	11
190450	17
190500	28
190550	31
190600	25
190650	28
190700	27
190750	28
190800	33
190850	27
190900	32
190950	27
191000	42
191050	31
191100	34
191150	19
191200	27
191250	29
191300	13
191350	12
191400	2
191450	7
191500	5
191550	8
191600	6
191650	3
191700	3
191750	1
191800	3
191850	2
191900	0
191950	4
192000	0
192050	0
192100	1
192150	1
192200	2
192250	3
192300	1
192350	1
192400	1
192450	1
192500	0
192550	1
192600	2
192650	1
192700	0
192750	2
192800	0
192850	0
192900	1
192950	1
193000	6
193050	15
193100	11
193150	13
193200	14
193250	11
193300	11
193350	6
193400	6
193450	3
193500	5
193550	4
193600	9
193650	3
193700	5
193750	7
193800	14
193850	13
193900	16
193950	13
194000	25
194050	19
194100	24
194150	16
194200	26
194250	11
194300	7
194350	7
194400	10
194450	22
194500	41
194550	27
194600	27
194650	14
194700	22
194750	15
194800	6
194850	2
194900	5
194950	5
195000	3
195050	4
195100	6
195150	4
195200	7
195250	10
195300	19
195350	22
195400	15
195450	22
195500	27
195550	18
195600	18
195650	14
195700	17
195750	52
195800	55
195850	76
195900	82
195950	66
196000	45
196050	42
196100	28
196150	59
196200	42
196250	40
196300	41
196350	53
196400	73
196450	55
196500	58
196550	75
196600	50
196650	66
196700	45
196750	42
196800	32
196850	8
196900	9
196950	13
197000	14
197050	9
197100	16
197150	9
197200	7
197250	9
197300	10
197350	5
197400	5
197450	7
197500	18
197550	28
197600	23
197650	18
197700	20
197750	15
197800	19
197850	29
197900	29
197950	27
198000	35
198050	29
198100	40
198150	24
198200	21
198250	25
198300	31
198350	46
198400	42
198450	62
198500	32
198550	16
198600	15
198650	11
198700	5
198750	6
198800	3
198850	6
198900	5
198950	8
199000	6
199050	9
199100	3
199150	7
199200	10
199250	11
199300	6
199350	5
199400	11
199450	2
199500	6
199550	1
199600	5
199650	7
199700	7
199750	8
199800	4
199850	8
199900	5
199950	5
200000	6
200050	5
200100	1
200150	2
200200	3
200250	9
200300	10
200350	12
200400	14
200450	21
200500	10
200550	15
200600	10
200650	11
200700	3
200750	9
200800	11
200850	13
200900	11
200950	7
201000	10
201050	10
201100	10
201150	9
201200	10
201250	8
201300	7
201350	6
201400	3
201450	4
201500	3
201550	3
201600	4
201650	6
201700	10
201750	10
201800	11
201850	4
201900	4
201950	3
202000	3
202050	5
202100	24
202150	41
202200	27
202250	61
202300	50
202350	47
202400	21
202450	81
202500	56
202550	58
202600	52
202650	43
202700	55
202750	35
202800	29
202850	19
202900	17
202950	9
203000	11
203050	14
203100	17
203150	33
203200	40
203250	47
203300	44
203350	44
203400	37
203450	47
203500	17
203550	6
203600	5
203650	3
203700	4
203750	5
203800	6
203850	13
203900	14
203950	21
204000	21
204050	23
204100	18
204150	23
204200	9
204250	5
204300	3
204350	3
204400	3
204450	4
204500	11
204550	9
204600	19
204650	22
204700	18
204750	14
204800	22
204850	14
204900	17
204950	8
205000	7
205050	10
205100	6
205150	15
205200	15
205250	17
205300	18
205350	27
205400	27
205450	31
205500	23
205550	24
205600	8
205650	14
205700	11
205750	7
205800	7
205850	5
205900	8
205950	18
206000	15
206050	15
206100	13
206150	6
206200	8
206250	40
206300	59
206350	77
206400	59
206450	132
206500	3
206550	3
206600	9
206650	2
206700	8
206750	10
206800	14
206850	10
206900	2
206950	6
207000	30
207050	33
207100	41
207150	46
207200	39
207250	53
207300	19
207350	31
207400	22
207450	5
207500	4
207550	4
207600	2
207650	4
207700	1
207750	7
207800	5
207850	8
207900	10
207950	10
208000	9
208050	5
208100	6
208150	2
208200	6
208250	9
208300	2
208350	4
208400	6
208450	6
208500	8
208550	9
208600	10
208650	7
208700	6
208750	1
208800	6
208850	3
208900	5
208950	2
209000	6
209050	14
209100	15
209150	11
209200	6
209250	9
209300	4
209350	7
209400	4
209450	4
209500	1
209550	1
209600	5
209650	2
209700	5
209750	4
209800	0
209850	2
209900	6
209950	3
210000	3
210050	2
210100	1
210150	1
210200	2
210250	1
210300	2
210350	3
210400	2
210450	1
210500	1
210550	0
210600	0
210650	2
210700	2
210750	2
210800	2
210850	1
210900	1
210950	2
211000	3
211050	1
211100	1
211150	2
211200	2
211250	0
211300	0
211350	2
211400	1
211450	0
211500	1
211550	0
211600	0
211650	1
211700	3
211750	4
211800	3
211850	2
211900	3
211950	1
212000	3
212050	0
212100	1
212150	1
212200	4
212250	2
212300	2
212350	1
212400	3
212450	2
212500	1
212550	2
212600	2
212650	0
212700	1
212750	1
212800	2
212850	1
212900	0
212950	2
213000	2
213050	0
213100	0
213150	2
213200	0
213250	2
213300	1
213350	0
213400	1
213450	3
213500	2
213550	0
213600	0
213650	2
213700	1
213750	1
213800	2
213850	1
213900	2
213950	1
214000	2
214050	3
214100	3
214150	6
214200	2
214250	2
214300	6
214350	1
214400	3
214450	1
214500	2
214550	0
214600	0
214650	0
214700	1
214750	0
214800	0
214850	0
214900	0
214950	2
215000	3
215050	4
215100	2
215150	7
215200	2
215250	2
215300	3
215350	2
215400	3
215450	6
215500	2
215550	4
215600	5
215650	3
215700	2
215750	3
215800	8
215850	1
215900	9
215950	6
216000	5
216050	5
216100	5
216150	3
216200	28
216250	33
216300	37
216350	39
216400	38
216450	33
216500	29
216550	30
216600	9
216650	12
216700	11
216750	10
216800	6
216850	8
216900	3
216950	4
217000	6
217050	13
217100	14
217150	31
217200	29
217250	42
217300	40
217350	38
217400	35
217450	48
217500	19
217550	7
217600	4
217650	14
217700	13
217750	14
217800	9
217850	14
217900	15
217950	20
218000	12
218050	24
218100	20
218150	25
218200	21
218250	11
218300	11
218350	11
218400	10
218450	11
218500	25
218550	17
218600	25
218650	20
218700	10
218750	18
218800	25
218850	14
218900	19
218950	8
219000	8
219050	4
219100	8
219150	6
219200	7
219250	7
219300	8
219350	10
219400	16
219450	13
219500	20
219550	12
219600	6
219650	1
219700	4
219750	7
219800	13
219850	2
219900	9
219950	4
220000	4
220050	4
220100	2
220150	2
220200	4
220250	5
220300	4
220350	5
220400	5
220450	4
220500	4
220550	6
220600	9
220650	3
220700	31
220750	35
220800	32
220850	26
220900	16
220950	11
221000	14
221050	18
221100	12
221150	17
221200	18
221250	33
221300	18
221350	16
221400	21
221450	22
221500	22
221550	30
221600	28
221650	34
221700	27
221750	10
221800	14
221850	16
221900	17
221950	15
222000	18
222050	17
222100	25
222150	26
222200	13
222250	13
222300	15
222350	10
222400	11
222450	9
222500	11
222550	10
222600	11
222650	15
222700	31
222750	41
222800	31
222850	37
222900	28
222950	34
223000	25
223050	23
223100	20
223150	13
223200	22
223250	18
223300	19
223350	20
223400	24
223450	25
223500	14
223550	7
223600	8
223650	9
223700	15
223750	10
223800	3
223850	1
223900	3
223950	1
224000	0
224050	1
224100	1
224150	7
224200	4
224250	11
224300	3
224350	4
224400	7
224450	0
224500	3
224550	0
224600	1
224650	1
224700	1
224750	0
224800	0
224850	1
224900	5
224950	2
225000	3
225050	2
225100	1
225150	1
225200	2
225250	3
225300	3
225350	3
225400	4
225450	5
225500	6
225550	4
225600	1
225650	5
225700	4
225750	7
225800	9
225850	5
225900	5
225950	4
226000	4
226050	4
226100	4
226150	5
226200	7
226250	3
226300	4
226350	2
226400	2
226450	4
226500	3
226550	2
226600	3
226650	3
226700	2
226750	3
226800	6
226850	3
226900	4
226950	10
227000	7
227050	3
227100	8
227150	5
227200	6
227250	6
227300	8
227350	12
227400	10
227450	4
227500	8
227550	12
227600	10
227650	11
227700	8
227750	12
227800	11
227850	5
227900	10
227950	10
228000	13
228050	10
228100	10
228150	11
228200	9
228250	11
228300	10
228350	10
228400	3
228450	7
228500	3
228550	7
228600	2
228650	1
228700	2
228750	4
228800	5
228850	8
228900	5
228950	11
229000	5
229050	4
229100	6
229150	6
229200	5
229250	7
229300	9
229350	7
229400	19
229450	12
229500	6
229550	16
229600	9
229650	5
229700	2
229750	10
229800	9
229850	6
229900	3
229950	9
230000	8
230050	5
230100	7
230150	6
230200	6
230250	4
230300	5
230350	5
230400	2
230450	1
230500	4
230550	2
230600	0
230650	6
230700	4
230750	3
230800	2
230850	4
230900	4
230950	2
231000	2
231050	5
231100	7
231150	6
231200	6
231250	6
231300	2
231350	4
231400	2
231450	6
231500	2
231550	5
231600	6
231650	6
231700	8
231750	1
231800	4
231850	8
231900	4
231950	4
232000	3
232050	6
232100	4
232150	2
232200	3
232250	2
232300	0
232350	2
232400	0
232450	2
232500	4
232550	2
232600	4
232650	3
232700	7
232750	11
232800	17
232850	6
232900	7
232950	12
233000	6
233050	19
233100	7
233150	6
233200	3
233250	13
233300	21
233350	18
233400	27
233450	12
233500	16
233550	15
233600	7
233650	14
233700	8
233750	8
233800	9
233850	5
233900	3
233950	5
234000	2
234050	5
234100	5
234150	12
234200	6
234250	11
234300	2
234350	7
234400	4
234450	5
234500	4
234550	1
234600	3
234650	0
234700	0
234750	18
234800	14
234850	13
234900	21
234950	29
235000	17
235050	25
235100	25
235150	17
235200	3
235250	5
235300	1
235350	5
235400	0
235450	2
235500	2
235550	3
235600	1
235650	3
235700	1
235750	0
235800	2
235850	4
235900	1
235950	2
236000	2
236050	1
236100	3
236150	2
236200	6
236250	2
236300	1
236350	0
236400	0
236450	1
236500	1
236550	1
236600	1
236650	0
236700	0
236750	2
236800	2
236850	0
236900	1
236950	1
237000	0
237050	0
237100	0
237150	1
237200	1
237250	0
237300	1
237350	0
237400	0
237450	1
237500	0
237550	2
237600	2
237650	3
237700	3
237750	4
237800	4
237850	3
237900	4
237950	2
238000	4
238050	1
238100	2
238150	2
238200	1
238250	4
238300	1
238350	0
238400	1
238450	6
238500	0
238550	1
238600	4
238650	2
238700	4
238750	0
238800	2
238850	3
238900	1
238950	1
239000	2
239050	2
239100	4
239150	3
239200	3
239250	3
239300	5
239350	6
239400	12
239450	18
239500	15
239550	13
239600	17
239650	7
239700	7
239750	2
239800	8
239850	2
239900	3
239950	6
240000	6
240050	7
240100	5
240150	12
240200	2
240250	3
240300	2
240350	3
240400	2
240450	1
240500	2
240550	5
240600	2
240650	3
240700	2
240750	0
240800	4
240850	2
240900	3
240950	1
241000	3
241050	4
241100	4
241150	1
241200	0
241250	2
241300	1
241350	4
241400	1
241450	3
241500	3
241550	2
241600	1
241650	1
241700	5
241750	1
241800	1
241850	8
241900	1
241950	13
242000	9
242050	10
242100	11
242150	11
242200	6
242250	3
242300	5
242350	3
242400	6
242450	0
242500	1
242550	3
242600	1
242650	4
242700	3
242750	7
242800	4
242850	10
242900	7
242950	9
243000	11
243050	8
243100	1
243150	0
243200	0
243250	0
243300	0
243350	1
243400	10
243450	7
243500	3
243550	8
243600	16
243650	9
243700	5
243750	6
243800	6
243850	1
243900	0
243950	2
244000	4
244050	4
244100	4
244150	6
244200	6
244250	4
244300	1
244350	2
244400	2
244450	3
244500	2
244550	2
244600	0
244650	4
244700	5
244750	6
244800	6
244850	5
244900	5
244950	8
245000	8
245050	3
245100	3
245150	5
245200	3
245250	6
245300	3
245350	3
245400	3
245450	0
245500	5
245550	6
245600	4
245650	11
245700	8
245750	10
245800	9
245850	7
245900	5
245950	5
246000	1
246050	4
246100	0
246150	0
246200	3
246250	2
246300	2
246350	4
246400	6
246450	4
246500	11
246550	8
246600	15
246650	21
246700	12
246750	21
246800	7
246850	9
246900	17
246950	57
247000	50
247050	84
247100	33
247150	43
247200	20
247250	24
247300	16
247350	10
247400	3
247450	9
247500	8
247550	14
247600	8
247650	16
247700	22
247750	31
247800	22
247850	17
247900	13
247950	19
248000	7
248050	6
248100	8
248150	4
248200	2
248250	3
248300	6
248350	6
248400	10
248450	7
248500	13
248550	5
248600	9
248650	7
248700	11
248750	3
248800	9
248850	3
248900	5
248950	12
249000	11
249050	5
249100	5
249150	3
249200	2
249250	3
249300	3
249350	5
249400	0
249450	3
249500	7
249550	3
249600	7
249650	10
249700	10
249750	10
249800	16
249850	14
249900	16
249950	7
250000	7
250050	4
250100	8
250150	9
250200	12
250250	21
250300	17
250350	16
250400	15
250450	21
250500	14
250550	18
250600	38
250650	36
250700	32
250750	23
250800	19
250850	22
250900	28
250950	17
251000	14
251050	28
251100	43
251150	30
251200	28
251250	37
251300	56
251350	60
251400	52
251450	53
251500	25
251550	31
251600	29
251650	30
251700	43
251750	37
251800	30
251850	31
251900	14
251950	12
252000	11
252050	5
252100	4
252150	1
252200	6
252250	0
252300	4
252350	4
252400	3
252450	0
252500	3
252550	11
252600	3
252650	5
252700	7
252750	5
252800	3
252850	9
252900	3
252950	4
253000	3
253050	5
253100	7
253150	10
253200	4
253250	6
253300	7
253350	7
253400	8
253450	23
253500	30
253550	27
253600	32
253650	23
253700	28
253750	33
253800	26
253850	19
253900	18
253950	20
254000	6
254050	2
254100	1
254150	3
254200	3
254250	1
254300	7
254350	3
254400	4
254450	1
254500	6
254550	1
254600	1
254650	7
254700	11
254750	12
254800	26
254850	25
254900	17
254950	18
255000	19
255050	36
255100	16
255150	28
255200	25
255250	33
255300	38
255350	43
255400	56
255450	57
255500	65
255550	83
255600	73
255650	82
255700	86
255750	107
255800	167
255850	130
255900	145
255950	122
256000	97
256050	98
256100	82
256150	80
256200	90
256250	82
256300	77
256350	63
256400	70
256450	54
256500	56
256550	49
256600	47
256650	26
256700	24
256750	36
256800	21
256850	7
256900	1
256950	1
257000	1
257050	2
257100	11
257150	22
257200	14
257250	23
257300	29
257350	19
257400	28
257450	20
257500	27
257550	31
257600	5
257650	3
257700	4
257750	3
257800	2
257850	2
257900	1
257950	2
258000	2
258050	0
258100	3
258150	3
258200	4
258250	1
258300	6
258350	7
258400	3
258450	5
258500	3
258550	3
258600	7
258650	4
258700	0
258750	0
258800	1
258850	1
258900	1
258950	0
259000	0
259050	2
259100	3
259150	2
259200	1
259250	2
259300	4
259350	4
259400	1
259450	1
259500	1
259550	1
259600	5
259650	1
259700	0
259750	1
259800	2
259850	5
259900	1
259950	2
260000	1
260050	2
260100	3
260150	2
260200	1
260250	5
260300	5
260350	5
260400	13
260450	17
260500	25
260550	27
260600	27
260650	35
260700	15
260750	9
260800	8
260850	11
260900	10
260950	4
261000	8
261050	6
261100	4
261150	6
261200	5
261250	6
261300	10
261350	7
261400	9
261450	8
261500	4
261550	1
261600	3
261650	4
261700	3
261750	6
261800	10
261850	9
261900	8
261950	6
262000	5
262050	3
262100	10
262150	6
262200	4
262250	1
262300	14
262350	22
262400	38
262450	49
262500	45
262550	38
262600	22
262650	9
262700	7
262750	5
262800	5
262850	15
262900	37
262950	102
263000	89
263050	97
263100	95
263150	123
263200	137
263250	111
263300	162
263350	175
263400	166
263450	164
263500	88
263550	71
263600	61
263650	3
263700	1
263750	5
263800	3
263850	6
263900	2
263950	4
264000	1
264050	12
264100	14
264150	13
264200	22
264250	26
264300	22
264350	27
264400	42
264450	24
264500	34
264550	13
264600	12
264650	3
264700	4
264750	3
264800	3
264850	2
264900	7
264950	5
265000	20
265050	15
265100	20
265150	16
265200	24
265250	35
265300	33
265350	38
265400	57
265450	39
265500	52
265550	10
265600	5
265650	13
265700	20
265750	31
265800	50
265850	69
265900	33
265950	49
266000	37
266050	35
266100	54
266150	34
266200	203
266250	366
266300	515
266350	1152
266400	1236
266450	1124
266500	1517
266550	1696
266600	1496
266650	1723
266700	2362
266750	2684
266800	2385
266850	2990
266900	2416
266950	1903
267000	1852
267050	1707
267100	1863
267150	1654
267200	1994
267250	2330
267300	3005
267350	2490
267400	2127
267450	2528
267500	1350
267550	551
267600	30
267650	57
267700	56
267750	50
267800	81
267850	76
267900	84
267950	74
268000	37
268050	33
268100	11
268150	8
268200	4
268250	9
268300	9
268350	20
268400	28
268450	28
268500	15
268550	7
268600	8
268650	3
268700	2
268750	2
268800	6
268850	5
268900	5
268950	5
269000	3
269050	6
269100	10
269150	4
269200	7
269250	6
269300	9
269350	11
269400	9
269450	5
269500	1
269550	5
269600	0
269650	2
269700	4
269750	2
269800	5
269850	2
269900	14
269950	16
270000	8
270050	2
270100	6
270150	4
270200	3
270250	6
270300	25
270350	15
270400	11
270450	9
270500	6
270550	13
270600	14
270650	12
270700	22
270750	19
270800	23
270850	4
270900	1
270950	11
271000	10
271050	4
271100	6
271150	7
271200	5
271250	7
271300	8
271350	8
271400	14
271450	8
271500	14
271550	18
271600	16
271650	22
271700	21
271750	21
271800	10
271850	6
271900	9
271950	10
272000	14
272050	22
272100	23
272150	11
272200	7
272250	5
272300	13
272350	7
272400	7
272450	7
272500	8
272550	11
272600	9
272650	9
272700	9
272750	19
272800	17
272850	11
272900	17
272950	9
273000	15
273050	11
273100	13
273150	11
273200	12
273250	6
273300	9
273350	8
273400	2
273450	6
273500	6
273550	2
273600	3
273650	4
273700	3
273750	5
273800	9
273850	7
273900	3
273950	6
274000	4
274050	6
274100	5
274150	5
274200	9
274250	4
274300	6
274350	3
274400	6
274450	5
274500	5
274550	4
274600	7
274650	11
274700	7
274750	11
274800	10
274850	8
274900	25
274950	13
275000	17
275050	29
275100	20
275150	27
275200	32
275250	26
275300	29
275350	35
275400	35
275450	21
275500	14
275550	12
275600	11
275650	6
275700	10
275750	4
275800	11
275850	12
275900	10
275950	9
276000	8
276050	14
276100	19
276150	27
276200	23
276250	23
276300	17
276350	13
276400	15
276450	12
276500	11
276550	6
276600	14
276650	55
276700	63
276750	51
276800	49
276850	43
276900	42
276950	37
277000	58
277050	42
277100	39
277150	20
277200	17
277250	15
277300	12
277350	15
277400	19
277450	19
277500	12
277550	18
277600	9
277650	12
277700	9
277750	12
277800	22
277850	22
277900	7
277950	7
278000	12
278050	5
278100	7
278150	3
278200	6
278250	5
278300	5
278350	9
278400	3
278450	7
278500	6
278550	5
278600	1
278650	5
278700	3
278750	7
278800	8
278850	5
278900	10
278950	12
279000	4
279050	8
279100	6
279150	6
279200	9
279250	7
279300	4
279350	9
279400	14
279450	17
279500	8
279550	14
279600	13
279650	17
279700	18
279750	21
279800	11
279850	11
279900	15
279950	12
280000	10
280050	10
280100	7
280150	30
280200	18
280250	30
280300	17
280350	21
280400	26
280450	27
280500	37
280550	39
280600	37
280650	31
280700	31
280750	25
280800	14
280850	18
280900	22
280950	12
281000	14
281050	7
281100	8
281150	7
281200	7
281250	7
281300	13
281350	13
281400	13
281450	19
281500	16
281550	3
281600	7
281650	8
281700	8
281750	6
281800	3
281850	12
281900	4
281950	5
282000	3
282050	4
282100	1
282150	7
282200	4
282250	3
282300	2
282350	3
282400	7
282450	7
282500	9
282550	5
282600	14
282650	14
282700	10
282750	9
282800	5
282850	7
282900	2
282950	5
283000	1
283050	0
283100	1
283150	1
283200	1
283250	2
283300	2
283350	0
283400	1
283450	1
283500	1
283550	0
283600	0
283650	1
283700	2
283750	0
283800	1
283850	0
283900	0
283950	0
284000	0
284050	0
284100	0
284150	0
284200	0
284250	0
284300	0
284350	0
284400	0
284450	1
284500	1
284550	0
284600	3
284650	0
284700	3
284750	1
284800	8
284850	9
284900	7
284950	9
285000	29
285050	32
285100	48
285150	31
285200	42
285250	94
285300	94
285350	78
285400	73
285450	54
285500	32
285550	27
285600	26
285650	25
285700	44
285750	35
285800	34
285850	32
285900	43
285950	42
286000	49
286050	62
286100	53
286150	50
286200	37
286250	9
286300	5
286350	10
286400	7
286450	13
286500	11
286550	4
286600	12
286650	7
286700	4
286750	4
286800	5
286850	6
286900	8
286950	12
287000	9
287050	6
287100	7
287150	5
287200	0
287250	3
287300	4
287350	2
287400	2
287450	4
287500	5
287550	2
287600	5
287650	5
287700	3
287750	5
287800	5
287850	6
287900	3
287950	5
288000	3
288050	1
288100	3
288150	2
288200	2
288250	2
288300	2
288350	2
288400	19
288450	23
288500	43
288550	36
288600	41
288650	52
288700	64
288750	42
288800	31
288850	2
288900	0
288950	0
289000	0
289050	0
289100	0
289150	4
289200	3
289250	5
289300	2
289350	5
289400	4
289450	3
289500	0
289550	1
289600	2
289650	2
289700	5
289750	6
289800	7
289850	6
289900	3
289950	2
290000	2
290050	5
290100	3
290150	2
290200	6
290250	4
290300	8
290350	3
290400	9
290450	15
290500	24
290550	15
290600	12
290650	8
290700	5
290750	4
290800	4
290850	4
290900	5
290950	6
291000	12
291050	6
291100	7
291150	8
291200	6
291250	10
291300	14
291350	23
291400	18
291450	14
291500	6
291550	4
291600	3
291650	3
291700	2
291750	7
291800	7
291850	5
291900	7
291950	7
292000	2
292050	5
292100	4
292150	3
292200	2
292250	2
292300	3
292350	5
292400	2
292450	4
292500	15
292550	17
292600	7
292650	16
292700	15
292750	11
292800	10
292850	10
292900	17
292950	27
293000	20
293050	20
293100	13
293150	11
293200	7
293250	5
293300	2
293350	7
293400	6
293450	7
293500	8
293550	14
293600	17
293650	13
293700	10
293750	13
293800	14
293850	12
293900	13
293950	22
294000	22
294050	19
294100	29
294150	24
294200	38
294250	30
294300	37
294350	31
294400	17
294450	8
294500	22
294550	18
294600	23
294650	25
294700	20
294750	15
294800	6
294850	15
294900	11
294950	18
295000	10
295050	20
295100	21
295150	12
295200	11
295250	12
295300	20
295350	15
295400	14
295450	14
295500	11
295550	21
295600	7
295650	4
295700	1
295750	4
295800	4
295850	9
295900	4
295950	4
296000	10
296050	9
296100	9
296150	15
296200	7
296250	4
296300	5
296350	10
296400	12
296450	18
296500	19
296550	17
296600	15
296650	13
296700	14
296750	10
296800	15
296850	10
296900	12
296950	9
297000	14
297050	12
297100	15
297150	8
297200	14
297250	16
297300	13
297350	9
297400	9
297450	7
297500	3
297550	17
297600	9
297650	11
297700	9
297750	9
297800	6
297850	4
297900	10
297950	12
298000	37
298050	53
298100	69
298150	57
298200	65
298250	47
298300	39
298350	33
298400	43
298450	34
298500	49
298550	34
298600	51
298650	47
298700	78
298750	63
298800	72
298850	65
298900	105
298950	75
299000	69
299050	88
299100	82
299150	79
299200	40
299250	31
299300	30
299350	30
299400	28
299450	10
299500	15
299550	6
299600	9
299650	11
299700	18
299750	26
299800	37
299850	54
299900	76
299950	56
300000	76
300050	98
300100	75
300150	49
300200	48
300250	47
300300	57
300350	60
300400	52
300450	52
300500	37
300550	52
300600	143
300650	432
300700	671
300750	745
300800	854
300850	863
300900	752
300950	559
301000	386
301050	190
301100	195
301150	148
301200	213
301250	68
301300	59
301350	62
301400	49
301450	45
301500	41
301550	35
301600	24
301650	20
301700	18
301750	16
301800	14
301850	13
301900	6
301950	15
302000	3
302050	10
302100	8
302150	14
302200	6
302250	13
302300	12
302350	11
302400	4
302450	6
302500	5
302550	5
302600	2
302650	2
302700	6
302750	2
302800	1
302850	0
302900	7
302950	5
303000	5
303050	5
303100	4
303150	3
303200	4
303250	5
303300	3
303350	9
303400	12
303450	4
303500	6
303550	3
303600	16
303650	9
303700	12
303750	5
303800	13
303850	5
303900	7
303950	9
304000	8
304050	13
304100	23
304150	30
304200	31
304250	40
304300	30
304350	24
304400	17
304450	7
304500	7
304550	9
304600	4
304650	6
304700	9
304750	10
304800	11
304850	7
304900	19
304950	19
305000	22
305050	16
305100	16
305150	1
305200	3
305250	3
305300	2
305350	1
305400	1
305450	0
305500	1
305550	0
305600	1
305650	3
305700	2
305750	2
305800	0
305850	2
305900	0
305950	3
306000	2
306050	1
306100	1
306150	2
306200	1
306250	0
306300	0
306350	3
306400	3
306450	10
306500	7
306550	5
306600	4
306650	4
306700	2
306750	5
306800	3
306850	5
306900	3
306950	3
307000	5
307050	7
307100	3
307150	7
307200	3
307250	4
307300	8
307350	7
307400	7
307450	1
307500	1
307550	4
307600	2
307650	1
307700	5
307750	5
307800	6
307850	5
307900	6
307950	3
308000	3
308050	1
308100	4
308150	0
308200	8
308250	4
308300	8
308350	3
308400	5
308450	1
308500	9
308550	9
308600	21
308650	14
308700	24
308750	27
308800	21
308850	14
308900	16
308950	12
309000	24
309050	11
309100	15
309150	17
309200	9
309250	12
309300	10
309350	8
309400	6
309450	3
309500	5
309550	3
309600	3
309650	4
309700	2
309750	6
309800	3
309850	5
309900	1
309950	2
310000	7
310050	3
310100	9
310150	2
310200	4
310250	3
310300	5
310350	7
310400	1
310450	5
310500	4
310550	5
310600	5
310650	5
310700	15
310750	6
310800	10
310850	9
310900	8
310950	6
311000	5
311050	8
311100	4
311150	4
311200	2
311250	0
311300	7
311350	7
311400	9
311450	10
311500	3
311550	4
311600	2
311650	8
311700	8
311750	12
311800	8
311850	12
311900	8
311950	7
312000	9
312050	15
312100	10
312150	16
312200	14
312250	17
312300	14
312350	9
312400	14
312450	14
312500	15
312550	22
312600	14
312650	19
312700	13
312750	14
312800	3
312850	8
312900	2
312950	1
313000	3
313050	3
313100	4
313150	3
313200	3
313250	2
313300	3
313350	3
313400	3
313450	6
313500	1
313550	1
313600	1
313650	1
313700	0
313750	1
313800	2
313850	0
313900	4
313950	4
314000	6
314050	4
314100	2
314150	6
314200	4
314250	5
314300	5
314350	4
314400	16
314450	13
314500	8
314550	15
314600	10
314650	5
314700	10
314750	5
314800	4
314850	3
314900	2
314950	7
315000	3
315050	3
315100	7
315150	7
315200	2
315250	7
315300	7
315350	12
315400	12
315450	8
315500	14
315550	7
315600	0
315650	1
315700	1
315750	0
315800	1
315850	1
315900	1
315950	1
316000	3
316050	2
316100	7
316150	6
316200	2
316250	6
316300	7
316350	2
316400	1
316450	1
316500	3
316550	1
316600	2
316650	2
316700	2
316750	7
316800	1
316850	0
316900	1
316950	0
317000	2
317050	0
317100	1
317150	1
317200	2
317250	4
317300	3
317350	2
317400	2
317450	0
317500	2
317550	2
317600	1
317650	0
317700	2
317750	4
317800	2
317850	5
317900	3
317950	2
318000	3
318050	4
318100	4
318150	4
318200	2
318250	13
318300	3
318350	16
318400	10
318450	11
318500	3
318550	7
318600	4
318650	1
318700	3
318750	10
318800	10
318850	11
318900	10
318950	12
319000	16
319050	11
319100	4
319150	7
319200	7
319250	3
319300	7
319350	3
319400	4
319450	9
319500	4
319550	1
319600	35
319650	23
319700	26
319750	30
319800	48
319850	44
319900	43
319950	31
320000	30
320050	26
320100	13
320150	16
320200	10
320250	14
320300	14
320350	9
320400	18
320450	32
320500	15
320550	14
320600	13
320650	32
320700	7
320750	11
320800	5
320850	3
320900	7
320950	4
321000	0
321050	2
321100	3
321150	5
321200	1
321250	1
321300	2
321350	4
321400	9
321450	11
321500	13
321550	24
321600	32
321650	33
321700	35
321750	29
321800	31
321850	18
321900	3
321950	3
322000	7
322050	8
322100	9
322150	10
322200	13
322250	24
322300	9
322350	15
322400	25
322450	26
322500	19
322550	14
322600	5
322650	9
322700	3
322750	5
322800	7
322850	3
322900	11
322950	4
323000	6
323050	7
323100	4
323150	7
323200	8
323250	4
323300	4
323350	5
323400	8
323450	5
323500	5
323550	5
323600	1
323650	8
323700	7
323750	3
323800	6
323850	2
323900	9
323950	6
324000	13
324050	12
324100	7
324150	14
324200	13
324250	15
324300	11
324350	14
324400	25
324450	21
324500	32
324550	27
324600	33
324650	39
324700	23
324750	31
324800	30
324850	18
324900	21
324950	26
325000	28
325050	23
325100	32
325150	28
325200	21
325250	26
325300	29
325350	26
325400	25
325450	26
325500	24
325550	24
325600	19
325650	24
325700	29
325750	18
325800	26
325850	15
325900	24
325950	20
326000	25
326050	36
326100	25
326150	28
326200	23
326250	22
326300	11
326350	9
326400	6
326450	0
326500	2
326550	4
326600	4
326650	4
326700	3
326750	3
326800	1
326850	2
326900	1
326950	1
327000	4
327050	5
327100	5
327150	4
327200	5
327250	2
327300	5
327350	0
327400	2
327450	1
327500	2
327550	1
327600	1
327650	1
327700	2
327750	6
327800	1
327850	6
327900	0
327950	2
328000	3
328050	5
328100	1
328150	1
328200	1
328250	1
328300	2
328350	0
328400	1
328450	0
328500	0
328550	2
328600	2
328650	0
328700	1
328750	0
328800	2
328850	4
328900	2
328950	0
329000	3
329050	4
329100	1
329150	2
329200	0
329250	0
329300	7
329350	7
329400	9
329450	9
329500	10
329550	8
329600	4
329650	4
329700	2
329750	5
329800	7
329850	3
329900	5
329950	9
330000	9
330050	11
330100	13
330150	11
330200	12
330250	11
330300	4
330350	8
330400	6
330450	9
330500	5
330550	4
330600	9
330650	9
330700	6
330750	10
330800	1
330850	3
330900	5
330950	6
331000	4
331050	2
331100	1
331150	3
331200	4
331250	4
331300	3
331350	9
331400	16
331450	25
331500	14
331550	17
331600	7
331650	6
331700	7
331750	4
331800	6
331850	7
331900	8
331950	2
332000	7
332050	10
332100	21
332150	23
332200	30
332250	18
332300	22
332350	17
332400	25
332450	8
332500	8
332550	2
332600	2
332650	3
332700	11
332750	6
332800	6
332850	2
332900	8
332950	12
333000	8
333050	5
333100	5
333150	4
333200	7
333250	9
333300	12
333350	11
333400	7
333450	16
333500	33
333550	31
333600	40
333650	26
333700	26
333750	25
333800	24
333850	22
333900	22
333950	21
334000	39
334050	32
334100	21
334150	31
334200	25
334250	23
334300	32
334350	29
334400	29
334450	31
334500	46
334550	93
334600	61
334650	62
334700	51
334750	50
334800	38
334850	45
334900	51
334950	48
335000	33
335050	44
335100	61
335150	37
335200	33
335250	25
335300	20
335350	32
335400	22
335450	30
335500	52
335550	55
335600	36
335650	40
335700	31
335750	15
335800	12
335850	16
335900	14
335950	9
336000	12
336050	12
336100	11
336150	26
336200	25
336250	28
336300	50
336350	48
336400	39
336450	35
336500	27
336550	20
336600	16
336650	14
336700	4
336750	8
336800	4
336850	6
336900	7
336950	16
337000	12
337050	27
337100	32
337150	36
337200	27
337250	23
337300	6
337350	0
337400	5
337450	0
337500	18
337550	29
337600	48
337650	24
337700	37
337750	33
337800	50
337850	27
337900	25
337950	25
338000	5
338050	3
338100	6
338150	8
338200	24
338250	18
338300	14
338350	16
338400	13
338450	10
338500	15
338550	24
338600	10
338650	10
338700	4
338750	2
338800	2
338850	2
338900	2
338950	2
339000	4
339050	3
339100	3
339150	17
339200	11
339250	7
339300	10
339350	9
339400	11
339450	13
339500	14
339550	13
339600	6
339650	9
339700	8
339750	14
339800	8
339850	14
339900	9
339950	9
340000	15
340050	13
340100	15
340150	20
340200	14
340250	3
340300	9
340350	9
340400	12
340450	6
340500	6
340550	4
340600	5
340650	2
340700	2
340750	3
340800	2
340850	3
340900	1
340950	0
341000	4
341050	3
341100	4
341150	2
341200	3
341250	3
341300	3
341350	4
341400	11
341450	2
341500	7
341550	11
341600	7
341650	13
341700	9
341750	14
341800	15
341850	12
341900	6
341950	12
342000	3
342050	8
342100	12
342150	7
342200	9
342250	11
342300	11
342350	12
342400	17
342450	32
342500	35
342550	31
342600	27
342650	37
342700	30
342750	20
342800	29
342850	27
342900	22
342950	24
343000	19
343050	23
343100	25
343150	20
343200	10
343250	17
343300	9
343350	8
343400	10
343450	7
343500	11
343550	12
343600	11
343650	4
343700	12
343750	10
343800	7
343850	13
343900	10
343950	16
344000	9
344050	12
344100	15
344150	12
344200	15
344250	29
344300	16
344350	28
344400	13
344450	17
344500	17
344550	23
344600	21
344650	13
344700	24
344750	20
344800	19
344850	20
344900	16
344950	10
345000	15
345050	13
345100	14
345150	15
345200	13
345250	14
345300	19
345350	18
345400	11
345450	12
345500	8
345550	7
345600	14
345650	14
345700	8
345750	10
345800	11
345850	15
345900	13
345950	16
346000	17
346050	14
346100	7
346150	14
346200	1
346250	1
346300	5
346350	2
346400	4
346450	6
346500	5
346550	6
346600	5
346650	5
346700	2
346750	5
346800	1
346850	2
346900	4
346950	2
347000	7
347050	3
347100	3
347150	1
347200	0
347250	1
347300	4
347350	3
347400	5
347450	8
347500	37
347550	47
347600	54
347650	51
347700	38
347750	23
347800	17
347850	15
347900	21
347950	12
348000	13
348050	17
348100	20
348150	20
348200	19
348250	43
348300	39
348350	41
348400	19
348450	10
348500	6
348550	9
348600	9
348650	21
348700	28
348750	15
348800	22
348850	14
348900	16
348950	9
349000	7
349050	3
349100	6
349150	2
349200	16
349250	39
349300	109
349350	105
349400	100
349450	101
349500	129
349550	136
349600	137
349650	154
349700	161
349750	116
349800	135
349850	138
349900	143
349950	112
350000	76
350050	77
350100	49
350150	42
350200	53
350250	54
350300	62
350350	100
350400	103
350450	135
350500	105
350550	115
350600	98
350650	69
350700	72
350750	79
350800	90
350850	74
350900	23
350950	27
351000	20
351050	22
351100	10
351150	4
351200	9
351250	16
351300	18
351350	19
351400	28
351450	19
351500	14
351550	31
351600	14
351650	6
351700	1
351750	4
351800	5
351850	4
351900	5
351950	7
352000	6
352050	13
352100	13
352150	8
352200	14
352250	22
352300	16
352350	8
352400	7
352450	19
352500	28
352550	30
352600	23
352650	28
352700	20
352750	20
352800	16
352850	17
352900	15
352950	19
353000	29
353050	36
353100	26
353150	47
353200	23
353250	22
353300	22
353350	18
353400	8
353450	9
353500	9
353550	9
353600	10
353650	17
353700	23
353750	24
353800	34
353850	46
353900	40
353950	32
354000	52
354050	55
354100	60
354150	64
354200	50
354250	33
354300	23
354350	14
354400	37
354450	55
354500	38
354550	50
354600	38
354650	47
354700	75
354750	139
354800	88
354850	65
354900	53
354950	23
355000	9
355050	3
355100	3
355150	3
355200	6
355250	49
355300	68
355350	83
355400	50
355450	34
355500	23
355550	36
355600	40
355650	39
355700	41
355750	36
355800	24
355850	45
355900	91
355950	100
356000	128
356050	107
356100	140
356150	97
356200	51
356250	30
356300	40
356350	8
356400	7
356450	1
356500	8
356550	4
356600	2
356650	1
356700	6
356750	5
356800	2
356850	3
356900	5
356950	4
357000	4
357050	3
357100	6
357150	6
357200	3
357250	3
357300	2
357350	2
357400	8
357450	1
357500	5
357550	6
357600	4
357650	4
357700	3
357750	4
357800	6
357850	10
357900	7
357950	10
358000	17
358050	36
358100	41
358150	31
358200	20
358250	33
358300	20
358350	13
358400	6
358450	8
358500	5
358550	9
358600	13
358650	31
358700	25
358750	34
358800	39
358850	22
358900	35
358950	3
359000	1
359050	1
359100	2
359150	2
359200	4
359250	4
359300	3
359350	2
359400	2
359450	2
359500	1
359550	0
359600	2
359650	3
359700	1
359750	2
359800	1
359850	1
359900	21
359950	14
360000	14
360050	15
360100	15
360150	5
360200	8
360250	11
360300	10
360350	12
360400	19
360450	16
360500	11
360550	12
360600	25
360650	3
360700	3
360750	2
360800	3
360850	4
360900	2
360950	3
361000	4
361050	3
361100	3
361150	6
361200	5
361250	2
361300	2
361350	2
361400	4
361450	4
361500	2
361550	3
361600	4
361650	5
361700	0
361750	2
361800	2
361850	4
361900	1
361950	5
362000	4
362050	3
362100	3
362150	0
362200	1
362250	0
362300	2
362350	1
362400	0
362450	1
362500	2
362550	2
362600	1
362650	0
362700	1
362750	0
362800	1
362850	0
362900	0
362950	2
363000	0
363050	0
363100	3
363150	0
363200	1
363250	0
363300	0
363350	2
363400	2
363450	1
363500	1
363550	2
363600	3
363650	0
363700	1
363750	1
363800	5
363850	17
363900	24
363950	34
364000	32
364050	34
364100	31
364150	14
364200	12
364250	18
364300	17
364350	24
364400	11
364450	8
364500	14
364550	13
364600	12
364650	6
364700	4
364750	9
364800	8
364850	8
364900	6
364950	7
365000	8
365050	7
365100	3
365150	5
365200	2
365250	4
365300	6
365350	5
365400	11
365450	7
365500	3
365550	5
365600	4
365650	2
365700	2
365750	1
365800	2
365850	2
365900	2
365950	4
366000	4
366050	4
366100	2
366150	4
366200	4
366250	1
366300	1
366350	1
366400	3
366450	2
366500	1
366550	1
366600	2
366650	0
366700	1
366750	2
366800	1
366850	0
366900	0
366950	0
367000	0
367050	0
367100	0
367150	0
367200	0
367250	0
367300	0
367350	0
367400	0
367450	0
367500	0
367550	0
367600	0
367650	0
367700	0
367750	0
