Position	Read_Count
50	0
100	0
150	0
200	0
250	0
300	0
350	0
400	0
450	0
500	0
550	0
600	0
650	0
700	0
750	0
800	0
850	0
900	0
950	0
1000	0
1050	8
1100	13
1150	18
1200	13
1250	13
1300	16
1350	23
1400	9
1450	16
1500	20
1550	22
1600	19
1650	35
1700	43
1750	41
1800	38
1850	41
1900	19
1950	45
2000	26
2050	28
2100	31
2150	47
2200	52
2250	61
2300	57
2350	44
2400	55
2450	45
2500	35
2550	41
2600	22
2650	10
2700	10
2750	8
2800	14
2850	12
2900	11
2950	6
3000	2
3050	5
3100	7
3150	2
3200	6
3250	4
3300	8
3350	14
3400	21
3450	16
3500	25
3550	17
3600	14
3650	11
3700	16
3750	10
3800	23
3850	18
3900	15
3950	11
4000	18
4050	10
4100	10
4150	10
4200	3
4250	17
4300	10
4350	12
4400	19
4450	14
4500	13
4550	11
4600	11
4650	9
4700	19
4750	21
4800	19
4850	22
4900	10
4950	3
5000	6
5050	4
5100	1
5150	2
5200	1
5250	1
5300	1
5350	0
5400	0
5450	0
5500	1
5550	0
5600	0
5650	3
5700	0
5750	1
5800	2
5850	2
5900	3
5950	5
6000	1
6050	5
6100	4
6150	4
6200	4
6250	1
6300	3
6350	2
6400	4
6450	0
6500	2
6550	1
6600	4
6650	7
6700	8
6750	2
6800	3
6850	3
6900	5
6950	2
7000	2
7050	0
7100	1
7150	5
7200	3
7250	2
7300	3
7350	7
7400	4
7450	2
7500	4
7550	8
7600	6
7650	6
7700	3
7750	27
7800	34
7850	38
7900	40
7950	26
8000	19
8050	22
8100	20
8150	28
8200	26
8250	31
8300	36
8350	26
8400	17
8450	6
8500	4
8550	4
8600	2
8650	1
8700	2
8750	3
8800	7
8850	6
8900	7
8950	4
9000	2
9050	2
9100	2
9150	1
9200	1
9250	2
9300	3
9350	0
9400	3
9450	4
9500	5
9550	2
9600	2
9650	3
9700	8
9750	4
9800	3
9850	3
9900	3
9950	5
10000	4
10050	2
10100	2
10150	0
10200	1
10250	0
10300	4
10350	1
10400	0
10450	0
10500	0
10550	1
10600	0
10650	11
10700	3
10750	5
10800	3
10850	1
10900	4
10950	1
11000	1
11050	7
11100	12
11150	18
11200	15
11250	8
11300	8
11350	8
11400	13
11450	5
11500	10
11550	9
11600	8
11650	9
11700	4
11750	6
11800	4
11850	8
11900	8
11950	7
12000	10
12050	11
12100	4
12150	9
12200	5
12250	1
12300	3
12350	4
12400	6
12450	2
12500	2
12550	7
12600	3
12650	1
12700	22
12750	18
12800	29
12850	38
12900	37
12950	27
13000	15
13050	29
13100	22
13150	26
13200	33
13250	31
13300	22
13350	26
13400	23
13450	22
13500	25
13550	16
13600	17
13650	20
13700	33
13750	19
13800	21
13850	13
13900	16
13950	8
14000	8
14050	11
14100	12
14150	18
14200	12
14250	9
14300	12
14350	10
14400	5
14450	5
14500	0
14550	5
14600	3
14650	5
14700	6
14750	4
14800	7
14850	9
14900	8
14950	9
15000	9
15050	3
15100	3
15150	7
15200	2
15250	4
15300	5
15350	3
15400	3
15450	1
15500	3
15550	7
15600	4
15650	1
15700	6
15750	0
15800	1
15850	2
15900	1
15950	0
16000	2
16050	5
16100	6
16150	4
16200	3
16250	1
16300	2
16350	2
16400	2
16450	0
16500	2
16550	6
16600	5
16650	5
16700	2
16750	3
16800	6
16850	2
16900	6
16950	4
17000	2
17050	1
17100	1
17150	3
17200	6
17250	4
17300	5
17350	3
17400	1
17450	5
17500	9
17550	11
17600	8
17650	9
17700	17
17750	88
17800	109
17850	124
17900	131
17950	90
18000	63
18050	54
18100	68
18150	79
18200	79
18250	117
18300	97
18350	118
18400	87
18450	31
18500	7
18550	6
18600	7
18650	3
18700	4
18750	10
18800	10
18850	15
18900	23
18950	14
19000	15
19050	16
19100	9
19150	9
19200	5
19250	9
19300	3
19350	7
19400	13
19450	17
19500	27
19550	26
19600	12
19650	13
19700	19
19750	20
19800	13
19850	11
19900	7
19950	6
20000	5
20050	1
20100	6
20150	2
20200	7
20250	0
20300	2
20350	3
20400	6
20450	0
20500	2
20550	0
20600	2
20650	6
20700	0
20750	3
20800	2
20850	1
20900	3
20950	0
21000	3
21050	2
21100	4
21150	4
21200	1
21250	2
21300	1
21350	5
21400	3
21450	2
21500	3
21550	6
21600	7
21650	6
21700	2
21750	2
21800	1
21850	6
21900	2
21950	2
22000	4
22050	2
22100	5
22150	7
22200	12
22250	8
22300	11
22350	12
22400	8
22450	10
22500	5
22550	2
22600	4
22650	8
22700	4
22750	5
22800	5
22850	4
22900	5
22950	6
23000	4
23050	3
23100	7
23150	3
23200	11
23250	9
23300	7
23350	5
23400	35
23450	33
23500	45
23550	58
23600	52
23650	30
23700	28
23750	26
23800	30
23850	42
23900	46
23950	54
24000	62
24050	45
24100	62
24150	24
24200	21
24250	25
24300	28
24350	10
24400	21
24450	33
24500	22
24550	23
24600	25
24650	43
24700	31
24750	16
24800	13
24850	9
24900	6
24950	10
25000	10
25050	12
25100	16
25150	12
25200	3
25250	9
25300	1
25350	5
25400	3
25450	7
25500	9
25550	3
25600	2
25650	11
25700	4
25750	6
25800	8
25850	7
25900	6
25950	12
26000	6
26050	15
26100	4
26150	3
26200	4
26250	7
26300	10
26350	6
26400	0
26450	0
26500	1
26550	5
26600	1
26650	2
26700	0
26750	3
26800	0
26850	3
26900	0
26950	2
27000	1
27050	1
27100	1
27150	3
27200	3
27250	2
27300	4
27350	3
27400	5
27450	5
27500	5
27550	4
27600	3
27650	4
27700	5
27750	6
27800	4
27850	1
27900	2
27950	2
28000	0
28050	0
28100	1
28150	4
28200	0
28250	5
28300	3
28350	1
28400	3
28450	0
28500	4
28550	4
28600	1
28650	2
28700	0
28750	13
28800	8
28850	15
28900	16
28950	16
29000	15
29050	7
29100	14
29150	14
29200	15
29250	15
29300	7
29350	3
29400	3
29450	6
29500	1
29550	4
29600	3
29650	2
29700	8
29750	2
29800	6
29850	5
29900	5
29950	2
30000	0
30050	1
30100	1
30150	2
30200	3
30250	3
30300	5
30350	12
30400	4
30450	5
30500	7
30550	7
30600	2
30650	5
30700	8
30750	6
30800	3
30850	4
30900	2
30950	6
31000	5
31050	2
31100	5
31150	4
31200	4
31250	2
31300	2
31350	3
31400	3
31450	0
31500	1
31550	3
31600	4
31650	3
31700	2
31750	0
31800	0
31850	1
31900	2
31950	3
32000	3
32050	2
32100	4
32150	7
32200	9
32250	4
32300	7
32350	13
32400	10
32450	13
32500	4
32550	9
32600	12
32650	8
32700	0
32750	7
32800	5
32850	1
32900	3
32950	13
33000	3
33050	8
33100	15
33150	11
33200	10
33250	19
33300	18
33350	40
33400	21
33450	27
33500	89
33550	87
33600	95
33650	100
33700	95
33750	75
33800	61
33850	61
33900	49
33950	51
34000	46
34050	68
34100	48
34150	68
34200	55
34250	75
34300	58
34350	60
34400	84
34450	30
34500	17
34550	24
34600	17
34650	10
34700	14
34750	16
34800	5
34850	13
34900	9
34950	17
35000	10
35050	12
35100	8
35150	14
35200	18
35250	11
35300	10
35350	11
35400	17
35450	27
35500	14
35550	19
35600	12
35650	13
35700	8
35750	9
35800	10
35850	11
35900	15
35950	18
36000	7
36050	11
36100	4
36150	9
36200	6
36250	8
36300	9
36350	7
36400	7
36450	11
36500	6
36550	3
36600	9
36650	8
36700	6
36750	7
36800	9
36850	14
36900	10
36950	9
37000	9
37050	13
37100	9
37150	3
37200	5
37250	10
37300	12
37350	1
37400	6
37450	2
37500	6
37550	7
37600	11
37650	0
37700	3
37750	3
37800	2
37850	1
37900	2
37950	0
38000	1
38050	5
38100	1
38150	4
38200	16
38250	35
38300	28
38350	39
38400	33
38450	26
38500	15
38550	1
38600	0
38650	2
38700	0
38750	2
38800	1
38850	1
38900	4
38950	3
39000	1
39050	2
39100	3
39150	2
39200	3
39250	1
39300	7
39350	8
39400	2
39450	1
39500	0
39550	6
39600	3
39650	3
39700	4
39750	3
39800	2
39850	2
39900	2
39950	4
40000	1
40050	4
40100	2
40150	1
40200	3
40250	1
40300	1
40350	1
40400	1
40450	0
40500	0
40550	1
40600	0
40650	2
40700	3
40750	5
40800	4
40850	6
40900	19
40950	19
41000	13
41050	9
41100	16
41150	17
41200	24
41250	28
41300	16
41350	20
41400	23
41450	16
41500	10
41550	8
41600	32
41650	40
41700	36
41750	69
41800	55
41850	56
41900	68
41950	32
42000	40
42050	57
42100	50
42150	42
42200	15
42250	18
42300	16
42350	32
42400	39
42450	36
42500	45
42550	30
42600	13
42650	12
42700	12
42750	15
42800	22
42850	31
42900	30
42950	24
43000	32
43050	25
43100	18
43150	17
43200	30
43250	25
43300	25
43350	25
43400	29
43450	32
43500	37
43550	35
43600	55
43650	90
43700	98
43750	79
43800	74
43850	65
43900	67
43950	41
44000	51
44050	49
44100	36
44150	50
44200	47
44250	49
44300	68
44350	80
44400	102
44450	118
44500	66
44550	45
44600	62
44650	32
44700	23
44750	51
44800	66
44850	69
44900	173
44950	232
45000	218
45050	201
45100	171
45150	149
45200	121
45250	126
45300	118
45350	93
45400	111
45450	121
45500	127
45550	79
45600	65
45650	62
45700	21
45750	15
45800	17
45850	19
45900	22
45950	34
46000	34
46050	40
46100	47
46150	34
46200	42
46250	22
46300	21
46350	17
46400	14
46450	6
46500	11
46550	13
46600	9
46650	7
46700	9
46750	6
46800	3
46850	1
46900	1
46950	10
47000	10
47050	16
47100	16
47150	19
47200	30
47250	42
47300	57
47350	51
47400	71
47450	63
47500	48
47550	37
47600	31
47650	23
47700	29
47750	24
47800	31
47850	29
47900	45
47950	42
48000	53
48050	53
48100	48
48150	41
48200	24
48250	23
48300	22
48350	26
48400	12
48450	15
48500	15
48550	12
48600	32
48650	49
48700	33
48750	27
48800	20
48850	19
48900	32
48950	20
49000	21
49050	27
49100	37
49150	22
49200	30
49250	35
49300	15
49350	17
49400	34
49450	41
49500	50
49550	55
49600	43
49650	33
49700	28
49750	19
49800	9
49850	24
49900	28
49950	22
50000	19
50050	12
50100	5
50150	1
50200	1
50250	3
50300	4
50350	2
50400	2
50450	3
50500	4
50550	5
50600	2
50650	4
50700	3
50750	9
50800	16
50850	18
50900	13
50950	13
51000	15
51050	3
51100	1
51150	3
51200	1
51250	5
51300	3
51350	1
51400	0
51450	21
51500	34
51550	47
51600	88
51650	77
51700	115
51750	95
51800	77
51850	103
51900	85
51950	50
52000	53
52050	63
52100	46
52150	19
52200	3
52250	1
52300	1
52350	3
52400	8
52450	20
52500	15
52550	22
52600	17
52650	23
52700	20
52750	6
52800	1
52850	5
52900	1
52950	3
53000	7
53050	3
53100	2
53150	5
53200	5
53250	8
53300	2
53350	2
53400	3
53450	3
53500	2
53550	10
53600	2
53650	7
53700	4
53750	11
53800	9
53850	6
53900	5
53950	2
54000	4
54050	4
54100	4
54150	12
54200	5
54250	4
54300	1
54350	6
54400	12
54450	14
54500	15
54550	15
54600	17
54650	9
54700	4
54750	0
54800	3
54850	5
54900	2
54950	1
55000	1
55050	2
55100	1
55150	0
55200	0
55250	2
55300	1
55350	1
55400	1
55450	0
55500	0
55550	1
55600	3
55650	0
55700	1
55750	0
55800	0
55850	0
55900	1
55950	0
56000	2
56050	2
56100	1
56150	0
56200	1
56250	0
56300	0
56350	0
56400	1
56450	1
56500	2
56550	2
56600	1
56650	3
56700	1
56750	1
56800	4
56850	4
56900	4
56950	7
57000	4
57050	6
57100	5
57150	13
57200	15
57250	18
57300	14
57350	18
57400	14
57450	14
57500	15
57550	15
57600	10
57650	13
57700	7
57750	11
57800	10
57850	15
57900	17
57950	27
58000	20
58050	20
58100	6
58150	3
58200	4
58250	9
58300	1
58350	7
58400	6
58450	7
58500	6
58550	1
58600	5
58650	4
58700	8
58750	5
58800	5
58850	4
58900	5
58950	1
59000	2
59050	3
59100	7
59150	4
59200	5
59250	2
59300	1
59350	5
59400	1
59450	3
59500	7
59550	7
59600	3
59650	6
59700	10
59750	4
59800	1
59850	0
59900	1
59950	0
60000	0
60050	0
60100	1
60150	0
60200	1
60250	0
60300	0
60350	1
60400	2
60450	2
60500	8
60550	1
60600	1
60650	1
60700	0
60750	2
60800	3
60850	4
60900	8
60950	8
61000	10
61050	12
61100	8
61150	3
61200	2
61250	2
61300	2
61350	7
61400	1
61450	4
61500	2
61550	3
61600	1
61650	0
61700	0
61750	1
61800	1
61850	0
61900	0
61950	1
62000	1
62050	0
62100	0
62150	2
62200	1
62250	0
62300	0
62350	1
62400	0
62450	1
62500	1
62550	0
62600	3
62650	0
62700	0
62750	0
62800	1
62850	0
62900	2
62950	1
63000	0
63050	0
63100	2
63150	0
63200	4
63250	0
63300	1
63350	3
63400	0
63450	1
63500	2
63550	3
63600	0
63650	2
63700	2
63750	1
63800	0
63850	1
63900	0
63950	0
64000	1
64050	0
64100	1
64150	0
64200	1
64250	0
64300	1
64350	0
64400	1
64450	2
64500	2
64550	4
64600	4
64650	5
64700	2
64750	0
64800	1
64850	0
64900	1
64950	0
65000	0
65050	1
65100	1
65150	2
65200	3
65250	2
65300	2
65350	2
65400	1
65450	1
65500	1
65550	1
65600	1
65650	1
65700	3
65750	3
65800	1
65850	4
65900	4
65950	2
66000	6
66050	2
66100	4
66150	4
66200	1
66250	5
66300	0
66350	9
66400	4
66450	2
66500	3
66550	2
66600	5
66650	6
66700	3
66750	5
66800	5
66850	6
66900	0
66950	0
67000	2
67050	15
67100	44
67150	44
67200	38
67250	48
67300	27
67350	13
67400	18
67450	18
67500	11
67550	14
67600	14
67650	10
67700	12
67750	23
67800	24
67850	20
67900	17
67950	35
68000	33
68050	42
68100	42
68150	40
68200	33
68250	9
68300	20
68350	15
68400	27
68450	33
68500	22
68550	33
68600	34
68650	804
68700	2796
68750	3329
68800	2195
68850	3393
68900	2440
68950	1955
69000	1499
69050	970
69100	550
69150	270
69200	284
69250	406
69300	612
69350	1012
69400	1892
69450	2674
69500	3576
69550	2909
69600	3180
69650	3269
69700	568
69750	34
69800	51
69850	76
69900	69
69950	63
70000	54
70050	43
70100	25
70150	8
70200	14
70250	11
70300	18
70350	14
70400	13
70450	15
70500	10
70550	27
70600	21
70650	27
70700	33
70750	36
70800	35
70850	26
70900	17
70950	15
71000	18
71050	16
71100	11
71150	14
71200	13
71250	9
71300	11
71350	17
71400	23
71450	32
71500	35
71550	27
71600	10
71650	8
71700	9
71750	10
71800	12
71850	15
71900	19
71950	14
72000	28
72050	16
72100	17
72150	17
72200	199
72250	433
72300	641
72350	597
72400	668
72450	696
72500	663
72550	619
72600	370
72650	242
72700	18
72750	14
72800	23
72850	25
72900	26
72950	19
73000	18
73050	22
73100	25
73150	13
73200	17
73250	13
73300	19
73350	17
73400	12
73450	13
73500	12
73550	16
73600	10
73650	3
73700	2
73750	3
73800	7
73850	9
73900	7
73950	7
74000	13
74050	11
74100	5
74150	8
74200	10
74250	16
74300	15
74350	15
74400	13
74450	6
74500	10
74550	2
74600	4
74650	5
74700	4
74750	8
74800	6
74850	9
74900	6
74950	9
75000	10
75050	23
75100	38
75150	38
75200	32
75250	33
75300	31
75350	25
75400	18
75450	16
75500	16
75550	26
75600	30
75650	28
75700	30
75750	41
75800	25
75850	5
75900	10
75950	20
76000	8
76050	16
76100	21
76150	25
76200	19
76250	18
76300	14
76350	17
76400	18
76450	11
76500	17
76550	22
76600	20
76650	23
76700	24
76750	28
76800	24
76850	28
76900	24
76950	15
77000	23
77050	15
77100	17
77150	12
77200	9
77250	23
77300	28
77350	22
77400	16
77450	18
77500	14
77550	22
77600	20
77650	22
77700	19
77750	26
77800	19
77850	21
77900	21
77950	6
78000	4
78050	6
78100	5
78150	5
78200	9
78250	8
78300	15
78350	14
78400	14
78450	9
78500	11
78550	8
78600	14
78650	10
78700	19
78750	11
78800	7
78850	11
78900	16
78950	10
79000	23
79050	67
79100	48
79150	68
79200	75
79250	43
79300	58
79350	25
79400	33
79450	27
79500	28
79550	39
79600	46
79650	75
79700	81
79750	77
79800	93
79850	89
79900	81
79950	111
80000	173
80050	175
80100	160
80150	126
80200	128
80250	70
80300	39
80350	33
80400	53
80450	31
80500	19
80550	13
80600	28
80650	28
80700	50
80750	58
80800	88
80850	123
80900	171
80950	129
81000	128
81050	125
81100	22
81150	15
81200	10
81250	19
81300	7
81350	5
81400	7
81450	15
81500	8
81550	9
81600	5
81650	7
81700	2
81750	6
81800	9
81850	8
81900	7
81950	6
82000	7
82050	6
82100	16
82150	15
82200	14
82250	10
82300	20
82350	23
82400	21
82450	28
82500	34
82550	25
82600	6
82650	22
82700	23
82750	17
82800	23
82850	14
82900	4
82950	6
83000	9
83050	7
83100	2
83150	9
83200	5
83250	8
83300	9
83350	10
83400	7
83450	11
83500	5
83550	16
83600	19
83650	14
83700	12
83750	19
83800	12
83850	8
83900	11
83950	18
84000	9
84050	3
84100	9
84150	15
84200	8
84250	3
84300	10
84350	6
84400	8
84450	4
84500	8
84550	5
84600	6
84650	19
84700	14
84750	12
84800	8
84850	5
84900	6
84950	33
85000	64
85050	10
85100	3
85150	2
85200	5
85250	2
85300	4
85350	5
85400	3
85450	8
85500	7
85550	7
85600	10
85650	5
85700	0
85750	1
85800	1
85850	0
85900	0
85950	2
86000	1
86050	3
86100	0
86150	0
86200	3
86250	1
86300	2
86350	0
86400	0
86450	0
86500	2
86550	2
86600	6
86650	4
86700	1
86750	7
86800	2
86850	7
86900	6
86950	2
87000	4
87050	4
87100	4
87150	8
87200	9
87250	6
87300	6
87350	13
87400	12
87450	11
87500	9
87550	11
87600	12
87650	8
87700	11
87750	25
87800	13
87850	17
87900	23
87950	15
88000	16
88050	18
88100	18
88150	13
88200	10
88250	13
88300	10
88350	10
88400	16
88450	13
88500	22
88550	12
88600	10
88650	12
88700	2
88750	2
88800	1
88850	7
88900	5
88950	3
89000	1
89050	0
89100	0
89150	2
89200	1
89250	0
89300	0
89350	0
89400	0
89450	3
89500	3
89550	1
89600	3
89650	0
89700	1
89750	1
89800	5
89850	6
89900	3
89950	11
90000	4
90050	9
90100	8
90150	5
90200	7
90250	2
90300	2
90350	3
90400	9
90450	8
90500	9
90550	5
90600	6
90650	4
90700	8
90750	6
90800	3
90850	2
90900	1
90950	3
91000	0
91050	0
91100	0
91150	0
91200	3
91250	0
91300	0
91350	1
91400	1
91450	1
91500	0
91550	0
91600	3
91650	0
91700	1
91750	2
91800	1
91850	1
91900	3
91950	0
92000	5
92050	7
92100	7
92150	6
92200	9
92250	12
92300	8
92350	7
92400	5
92450	8
92500	12
92550	7
92600	12
92650	4
92700	1
92750	1
92800	5
92850	5
92900	3
92950	8
93000	6
93050	9
93100	7
93150	4
93200	4
93250	3
93300	4
93350	1
93400	3
93450	5
93500	2
93550	2
93600	1
93650	2
93700	0
93750	2
93800	1
93850	2
93900	1
93950	2
94000	1
94050	4
94100	2
94150	2
94200	4
94250	4
94300	3
94350	0
94400	1
94450	0
94500	0
94550	1
94600	0
94650	1
94700	1
94750	1
94800	0
94850	1
94900	1
94950	3
95000	0
95050	0
95100	1
95150	1
95200	0
95250	2
95300	1
95350	3
95400	4
95450	1
95500	2
95550	0
95600	1
95650	3
95700	1
95750	1
95800	2
95850	5
95900	8
95950	6
96000	8
96050	2
96100	4
96150	2
96200	4
96250	2
96300	3
96350	2
96400	8
96450	6
96500	7
96550	14
96600	1
96650	5
96700	8
96750	5
96800	11
96850	7
96900	8
96950	6
97000	7
97050	9
97100	5
97150	11
97200	6
97250	9
97300	10
97350	10
97400	3
97450	1
97500	1
97550	3
97600	1
97650	5
97700	1
97750	4
97800	0
97850	0
97900	4
97950	1
98000	6
98050	6
98100	3
98150	5
98200	5
98250	10
98300	11
98350	11
98400	7
98450	18
98500	3
98550	15
98600	20
98650	30
98700	41
98750	52
98800	58
98850	62
98900	68
98950	74
99000	65
99050	55
99100	44
99150	25
99200	18
99250	13
99300	11
99350	13
99400	8
99450	22
99500	16
99550	30
99600	32
99650	46
99700	51
99750	45
99800	44
99850	32
99900	28
99950	17
100000	5
100050	15
100100	8
100150	6
100200	8
100250	8
100300	8
100350	4
100400	10
100450	10
100500	12
100550	9
100600	8
100650	136
100700	117
100750	148
100800	106
100850	94
100900	81
100950	54
101000	47
101050	38
101100	26
101150	16
101200	42
101250	56
101300	79
101350	105
101400	126
101450	116
101500	149
101550	140
101600	39
101650	8
101700	13
101750	7
101800	8
101850	9
101900	12
101950	5
102000	6
102050	20
102100	10
102150	23
102200	25
102250	30
102300	15
102350	12
102400	23
102450	10
102500	10
102550	8
102600	6
102650	5
102700	8
102750	7
102800	12
102850	16
102900	11
102950	20
103000	25
103050	27
103100	24
103150	27
103200	16
103250	16
103300	11
103350	15
103400	5
103450	8
103500	11
103550	10
103600	14
103650	15
103700	14
103750	12
103800	12
103850	14
103900	10
103950	2
104000	8
104050	4
104100	2
104150	1
104200	5
104250	7
104300	5
104350	9
104400	11
104450	10
104500	5
104550	7
104600	7
104650	5
104700	2
104750	1
104800	1
104850	2
104900	1
104950	2
105000	0
105050	2
105100	4
105150	6
105200	0
105250	1
105300	3
105350	6
105400	4
105450	3
105500	1
105550	1
105600	2
105650	1
105700	1
105750	2
105800	1
105850	5
105900	1
105950	4
106000	6
106050	4
106100	8
106150	3
106200	4
106250	5
106300	3
106350	7
106400	4
106450	5
106500	4
106550	4
106600	6
106650	7
106700	6
106750	5
106800	12
106850	10
106900	16
106950	17
107000	14
107050	14
107100	7
107150	8
107200	8
107250	11
107300	11
107350	16
107400	16
107450	25
107500	30
107550	29
107600	21
107650	19
107700	15
107750	8
107800	7
107850	22
107900	22
107950	16
108000	24
108050	25
108100	11
108150	15
108200	12
108250	7
108300	2
108350	3
108400	2
108450	3
108500	1
108550	4
108600	1
108650	1
108700	3
108750	5
108800	7
108850	3
108900	6
108950	3
109000	3
109050	3
109100	2
109150	6
109200	8
109250	12
109300	9
109350	9
109400	6
109450	10
109500	14
109550	26
109600	13
109650	15
109700	10
109750	11
109800	11
109850	14
109900	19
109950	11
110000	7
110050	6
110100	3
110150	7
110200	4
110250	3
110300	7
110350	4
110400	4
110450	3
110500	6
110550	2
110600	3
110650	1
110700	10
110750	3
110800	2
110850	4
110900	7
110950	9
111000	5
111050	5
111100	4
111150	7
111200	6
111250	2
111300	5
111350	4
111400	3
111450	4
111500	3
111550	3
111600	3
111650	4
111700	3
111750	1
111800	0
111850	2
111900	1
111950	3
112000	0
112050	0
112100	2
112150	1
112200	3
112250	2
112300	7
112350	3
112400	9
112450	1
112500	0
112550	2
112600	1
112650	3
112700	7
112750	5
112800	6
112850	3
112900	4
112950	6
113000	2
113050	19
113100	21
113150	21
113200	20
113250	12
113300	16
113350	3
113400	5
113450	7
113500	11
113550	7
113600	8
113650	10
113700	3
113750	10
113800	11
113850	17
113900	22
113950	17
114000	25
114050	27
114100	19
114150	12
114200	21
114250	27
114300	25
114350	32
114400	39
114450	20
114500	15
114550	24
114600	16
114650	8
114700	4
114750	5
114800	5
114850	8
114900	16
114950	10
115000	20
115050	17
115100	23
115150	29
115200	16
115250	26
115300	17
115350	20
115400	15
115450	11
115500	6
115550	5
115600	11
115650	5
115700	13
115750	12
115800	7
115850	3
115900	3
115950	2
116000	3
116050	4
116100	4
116150	7
116200	6
116250	3
116300	8
116350	13
116400	5
116450	5
116500	14
116550	14
116600	17
116650	6
116700	15
116750	13
116800	12
116850	14
116900	16
116950	9
117000	21
117050	12
117100	12
117150	7
117200	13
117250	17
117300	11
117350	7
117400	9
117450	5
117500	11
117550	8
117600	4
117650	3
117700	1
117750	0
117800	1
117850	1
117900	1
117950	1
118000	3
118050	6
118100	7
118150	4
118200	3
118250	4
118300	5
118350	3
118400	6
118450	6
118500	1
118550	1
118600	2
118650	3
118700	1
118750	1
118800	5
118850	2
118900	3
118950	1
119000	1
119050	0
119100	0
119150	0
119200	0
119250	2
119300	1
119350	3
119400	25
119450	16
119500	17
119550	32
119600	15
119650	27
119700	18
119750	17
119800	21
119850	27
119900	21
119950	25
120000	15
120050	8
120100	12
120150	5
120200	4
120250	2
120300	7
120350	7
120400	3
120450	5
120500	2
120550	2
120600	4
120650	4
120700	5
120750	2
120800	2
120850	7
120900	1
120950	3
121000	6
121050	5
121100	6
121150	8
121200	6
121250	6
121300	7
121350	5
121400	3
121450	14
121500	11
121550	5
121600	2
121650	0
121700	0
121750	0
121800	0
121850	1
121900	0
121950	3
122000	2
122050	3
122100	1
122150	1
122200	0
122250	1
122300	1
122350	1
122400	0
122450	3
122500	1
122550	0
122600	2
122650	9
122700	15
122750	22
122800	28
122850	22
122900	28
122950	25
123000	32
123050	12
123100	7
123150	7
123200	8
123250	14
123300	26
123350	13
123400	15
123450	4
123500	4
123550	0
123600	1
123650	1
123700	1
123750	2
123800	2
123850	1
123900	3
123950	0
124000	1
124050	4
124100	0
124150	2
124200	1
124250	3
124300	1
124350	1
124400	1
124450	5
124500	6
124550	5
124600	5
124650	6
124700	12
124750	10
124800	12
124850	8
124900	15
124950	8
125000	8
125050	9
125100	4
125150	4
125200	8
125250	10
125300	8
125350	9
125400	10
125450	8
125500	3
125550	4
125600	4
125650	4
125700	5
125750	5
125800	3
125850	2
125900	1
125950	1
126000	3
126050	0
126100	2
126150	2
126200	0
126250	0
126300	3
126350	2
126400	3
126450	2
126500	3
126550	3
126600	5
126650	2
126700	1
126750	4
126800	2
126850	4
126900	8
126950	7
127000	6
127050	4
127100	3
127150	1
127200	7
127250	1
127300	2
127350	2
127400	9
127450	3
127500	24
127550	23
127600	16
127650	18
127700	23
127750	15
127800	20
127850	22
127900	23
127950	22
128000	27
128050	12
128100	6
128150	25
128200	27
128250	37
128300	58
128350	48
128400	44
128450	37
128500	45
128550	40
128600	18
128650	11
128700	8
128750	9
128800	6
128850	9
128900	7
128950	8
129000	3
129050	12
129100	7
129150	19
129200	21
129250	13
129300	21
129350	15
129400	16
129450	14
129500	16
129550	5
129600	8
129650	6
129700	13
129750	12
129800	14
129850	8
129900	16
129950	10
130000	8
130050	0
130100	4
130150	1
130200	3
130250	1
130300	3
130350	4
130400	1
130450	2
130500	2
130550	0
130600	1
130650	2
130700	1
130750	0
130800	1
130850	0
130900	0
130950	1
131000	5
131050	16
131100	13
131150	16
131200	8
131250	13
131300	8
131350	9
131400	7
131450	7
131500	8
131550	9
131600	11
131650	9
131700	8
131750	12
131800	6
131850	9
131900	14
131950	5
132000	9
132050	11
132100	9
132150	17
132200	13
132250	13
132300	10
132350	5
132400	7
132450	5
132500	11
132550	7
132600	7
132650	7
132700	12
132750	6
132800	5
132850	4
132900	5
132950	3
133000	10
133050	14
133100	9
133150	10
133200	13
133250	8
133300	10
133350	4
133400	10
133450	5
133500	3
133550	7
133600	7
133650	8
133700	7
133750	2
133800	6
133850	8
133900	4
133950	11
134000	13
134050	11
134100	13
134150	12
134200	14
134250	3
134300	7
134350	7
134400	9
134450	4
134500	4
134550	8
134600	8
134650	4
134700	0
134750	3
134800	4
134850	2
134900	1
134950	3
135000	0
135050	4
135100	4
135150	5
135200	1
135250	5
135300	6
135350	9
135400	7
135450	8
135500	9
135550	9
135600	11
135650	16
135700	10
135750	22
135800	17
135850	16
135900	19
135950	23
136000	16
136050	13
136100	8
136150	7
136200	10
136250	10
136300	15
136350	17
136400	18
136450	21
136500	18
136550	23
136600	15
136650	12
136700	4
136750	17
136800	42
136850	30
136900	37
136950	47
137000	44
137050	37
137100	35
137150	30
137200	17
137250	16
137300	10
137350	20
137400	29
137450	30
137500	16
137550	29
137600	26
137650	22
137700	21
137750	22
137800	21
137850	17
137900	13
137950	8
138000	10
138050	11
138100	13
138150	5
138200	4
138250	2
138300	3
138350	3
138400	9
138450	7
138500	7
138550	21
138600	32
138650	38
138700	33
138750	39
138800	39
138850	33
138900	21
138950	29
139000	21
139050	31
139100	28
139150	27
139200	10
139250	8
139300	7
139350	8
139400	8
139450	14
139500	37
139550	33
139600	39
139650	32
139700	34
139750	31
139800	27
139850	19
139900	8
139950	11
140000	16
140050	15
140100	22
140150	44
140200	33
140250	23
140300	17
140350	5
140400	5
140450	4
140500	4
140550	5
140600	3
140650	0
140700	1
140750	0
140800	1
140850	0
140900	1
140950	0
141000	0
141050	5
141100	5
141150	0
141200	4
141250	1
141300	5
141350	2
141400	5
141450	1
141500	1
141550	3
141600	4
141650	2
141700	7
141750	10
141800	10
141850	5
141900	7
141950	8
142000	11
142050	6
142100	2
142150	3
142200	0
142250	0
142300	4
142350	8
142400	8
142450	8
142500	6
142550	6
142600	4
142650	6
142700	8
142750	7
142800	7
142850	12
142900	14
142950	11
143000	12
143050	8
143100	5
143150	12
143200	8
143250	10
143300	11
143350	11
143400	13
143450	15
143500	16
143550	14
143600	19
143650	15
143700	20
143750	20
143800	21
143850	22
143900	15
143950	13
144000	13
144050	9
144100	7
144150	9
144200	23
144250	24
144300	34
144350	43
144400	39
144450	19
144500	24
144550	17
144600	21
144650	16
144700	17
144750	19
144800	27
144850	33
144900	21
144950	32
145000	42
145050	44
145100	7
145150	3
145200	4
145250	8
145300	2
145350	3
145400	2
145450	2
145500	3
145550	2
145600	1
145650	1
145700	2
145750	2
145800	2
145850	1
145900	6
145950	0
146000	5
146050	4
146100	4
146150	2
146200	1
146250	2
146300	3
146350	7
146400	5
146450	8
146500	8
146550	9
146600	4
146650	7
146700	7
146750	9
146800	1
146850	1
146900	2
146950	1
147000	0
147050	4
147100	6
147150	7
147200	4
147250	10
147300	12
147350	13
147400	8
147450	20
147500	19
147550	20
147600	16
147650	7
147700	11
147750	10
147800	9
147850	8
147900	7
147950	8
148000	12
148050	14
148100	12
148150	14
148200	8
148250	11
148300	8
148350	15
148400	17
148450	15
148500	13
148550	15
148600	7
148650	9
148700	2
148750	8
148800	10
148850	12
148900	7
148950	12
149000	8
149050	13
149100	3
149150	1
149200	4
149250	4
149300	13
149350	10
149400	8
149450	7
149500	4
149550	6
149600	2
149650	1
149700	1
149750	6
149800	7
149850	4
149900	12
149950	7
150000	10
150050	11
150100	9
150150	10
150200	7
150250	5
150300	6
150350	6
150400	7
150450	3
150500	10
150550	4
150600	11
150650	14
150700	11
150750	21
150800	15
150850	18
150900	15
150950	8
151000	13
151050	12
151100	8
151150	6
151200	2
151250	4
151300	1
151350	2
151400	5
151450	12
151500	4
151550	12
151600	7
151650	10
151700	11
151750	11
151800	4
151850	6
151900	6
151950	2
152000	0
152050	3
152100	0
152150	3
152200	3
152250	2
152300	3
152350	6
152400	5
152450	8
152500	9
152550	8
152600	12
152650	8
152700	10
152750	5
152800	4
152850	2
152900	1
152950	6
153000	7
153050	5
153100	9
153150	7
153200	1
153250	6
153300	5
153350	2
153400	5
153450	6
153500	1
153550	6
153600	10
153650	7
153700	6
153750	5
153800	5
153850	5
153900	6
153950	7
154000	9
154050	4
154100	6
154150	25
154200	53
154250	43
154300	64
154350	57
154400	71
154450	79
154500	72
154550	49
154600	60
154650	125
154700	125
154750	116
154800	127
154850	117
154900	88
154950	85
155000	74
155050	70
155100	79
155150	79
155200	106
155250	102
155300	153
155350	143
155400	140
155450	51
155500	49
155550	34
155600	31
155650	39
155700	23
155750	39
155800	50
155850	49
155900	92
155950	67
156000	92
156050	72
156100	33
156150	43
156200	27
156250	24
156300	11
156350	16
156400	10
156450	3
156500	6
156550	8
156600	6
156650	9
156700	9
156750	3
156800	11
156850	16
156900	7
156950	6
157000	8
157050	4
157100	8
157150	13
157200	9
157250	6
157300	17
157350	5
157400	4
157450	7
157500	8
157550	13
157600	5
157650	8
157700	5
157750	7
157800	6
157850	3
157900	8
157950	1
158000	2
158050	3
158100	0
158150	7
158200	4
158250	4
158300	4
158350	8
158400	4
158450	1
158500	5
158550	4
158600	8
158650	2
158700	7
158750	4
158800	6
158850	4
158900	7
158950	8
159000	1
159050	2
159100	3
159150	43
159200	85
159250	112
159300	106
159350	94
159400	51
159450	1
159500	9
159550	2
159600	4
159650	2
159700	3
159750	3
159800	5
159850	2
159900	10
159950	3
160000	2
160050	6
160100	2
160150	5
160200	8
160250	4
160300	4
160350	5
160400	9
160450	7
160500	7
160550	6
160600	3
160650	4
160700	3
160750	2
160800	5
160850	4
160900	3
160950	3
161000	8
161050	6
161100	7
161150	1
161200	4
161250	1
161300	4
161350	2
161400	3
161450	9
161500	23
161550	11
161600	10
161650	14
161700	5
161750	1
161800	12
161850	9
161900	3
161950	10
162000	1
162050	0
162100	0
162150	7
162200	11
162250	4
162300	11
162350	12
162400	14
162450	13
162500	11
162550	20
162600	27
162650	26
162700	19
162750	16
162800	19
162850	8
162900	7
162950	6
163000	6
163050	7
163100	10
163150	14
163200	20
163250	15
163300	23
163350	20
163400	28
163450	27
163500	9
163550	4
163600	0
163650	3
163700	5
163750	4
163800	3
163850	3
163900	4
163950	4
164000	1
164050	2
164100	2
164150	1
164200	2
164250	3
164300	2
164350	3
164400	3
164450	1
164500	32
164550	54
164600	70
164650	62
164700	40
164750	38
164800	18
164850	29
164900	15
164950	11
165000	9
165050	10
165100	8
165150	17
165200	11
165250	24
165300	32
165350	35
165400	47
165450	48
165500	49
165550	64
165600	25
165650	17
165700	12
165750	2
165800	1
165850	3
165900	2
165950	2
166000	2
166050	2
166100	1
166150	0
166200	0
166250	1
166300	0
166350	5
166400	1
166450	0
166500	1
166550	1
166600	2
166650	2
166700	0
166750	5
166800	5
166850	1
166900	2
166950	6
167000	8
167050	6
167100	11
167150	5
167200	8
167250	11
167300	5
167350	8
167400	12
167450	10
167500	4
167550	11
167600	18
167650	10
167700	15
167750	13
167800	6
167850	10
167900	17
167950	15
168000	20
168050	13
168100	17
168150	17
168200	28
168250	18
168300	10
168350	15
168400	12
168450	15
168500	11
168550	16
168600	15
168650	16
168700	9
168750	15
168800	10
168850	7
168900	14
168950	10
169000	5
169050	5
169100	1
169150	5
169200	6
169250	2
169300	6
169350	4
169400	2
169450	1
169500	7
169550	5
169600	3
169650	5
169700	3
169750	4
169800	6
169850	8
169900	7
169950	13
170000	11
170050	6
170100	5
170150	4
170200	4
170250	5
170300	6
170350	3
170400	7
170450	3
170500	0
170550	3
170600	2
170650	4
170700	12
170750	11
170800	6
170850	9
170900	4
170950	15
171000	11
171050	7
171100	7
171150	12
171200	5
171250	13
171300	8
171350	9
171400	14
171450	17
171500	42
171550	45
171600	28
171650	34
171700	49
171750	54
171800	64
171850	54
171900	37
171950	41
172000	36
172050	37
172100	22
172150	25
172200	34
172250	22
172300	16
172350	22
172400	20
172450	35
172500	35
172550	32
172600	30
172650	24
172700	36
172750	12
172800	6
172850	3
172900	5
172950	6
173000	3
173050	5
173100	5
173150	4
173200	4
173250	4
173300	9
173350	8
173400	6
173450	8
173500	1
173550	10
173600	3
173650	2
173700	3
173750	3
173800	5
173850	4
173900	1
173950	2
174000	6
174050	4
174100	4
174150	2
174200	3
174250	15
174300	10
174350	26
174400	26
174450	31
174500	24
174550	25
174600	20
174650	26
174700	9
174750	9
174800	1
174850	2
174900	0
174950	0
175000	0
175050	0
175100	1
175150	0
175200	1
175250	2
175300	1
175350	3
175400	2
175450	0
175500	1
175550	2
175600	1
175650	3
175700	2
175750	3
175800	3
175850	2
175900	4
175950	0
176000	1
176050	2
176100	2
176150	0
176200	0
176250	0
176300	1
176350	1
176400	0
176450	0
176500	0
176550	3
176600	1
176650	1
176700	0
176750	0
176800	0
176850	2
176900	0
176950	1
177000	1
177050	0
177100	1
177150	0
177200	2
177250	0
177300	1
177350	2
177400	0
177450	6
177500	8
177550	7
177600	7
177650	14
177700	17
177750	12
177800	10
177850	17
177900	9
177950	4
178000	8
178050	13
178100	20
178150	33
178200	21
178250	15
178300	18
178350	30
178400	30
178450	19
178500	19
178550	32
178600	26
178650	29
178700	15
178750	11
178800	18
178850	18
178900	8
178950	4
179000	4
179050	11
179100	10
179150	16
179200	7
179250	10
179300	24
179350	7
179400	9
179450	13
179500	6
179550	11
179600	11
179650	10
179700	22
179750	14
179800	18
179850	27
179900	31
179950	24
180000	29
180050	27
180100	32
180150	29
180200	245
180250	294
180300	301
180350	323
180400	376
180450	357
180500	297
180550	326
180600	262
180650	127
180700	41
180750	36
180800	23
180850	23
180900	18
180950	12
181000	18
181050	19
181100	30
181150	30
181200	37
181250	40
181300	42
181350	5
181400	6
181450	4
181500	2
181550	1
181600	5
181650	2
181700	0
181750	0
181800	1
181850	3
181900	3
181950	1
182000	2
182050	3
182100	5
182150	3
182200	1
182250	3
182300	1
182350	2
182400	1
182450	10
182500	5
182550	9
182600	4
182650	0
182700	4
182750	7
182800	4
182850	14
182900	4
182950	4
183000	9
183050	7
183100	9
183150	6
183200	15
183250	10
183300	16
183350	14
183400	13
183450	6
183500	11
183550	5
183600	7
183650	8
183700	8
183750	6
183800	12
183850	6
183900	6
183950	6
184000	2
184050	2
184100	5
184150	5
184200	8
184250	9
184300	5
184350	9
184400	14
184450	16
184500	9
184550	17
184600	8
184650	17
184700	18
184750	15
184800	8
184850	9
184900	10
184950	14
185000	13
185050	14
185100	17
185150	18
185200	25
185250	17
185300	17
185350	38
185400	18
185450	25
185500	31
185550	85
185600	284
185650	239
185700	290
185750	374
185800	333
185850	304
185900	287
185950	184
186000	31
186050	24
186100	17
186150	21
186200	24
186250	26
186300	28
186350	19
186400	18
186450	16
186500	10
186550	9
186600	10
186650	10
186700	18
186750	7
186800	9
186850	10
186900	15
186950	13
187000	15
187050	14
187100	13
187150	20
187200	20
187250	12
187300	20
187350	26
187400	31
187450	19
187500	23
187550	21
187600	35
187650	45
187700	16
187750	21
187800	31
187850	38
187900	18
187950	28
188000	20
188050	21
188100	14
188150	13
188200	13
188250	15
188300	27
188350	26
188400	30
188450	28
188500	31
188550	31
188600	22
188650	13
188700	18
188750	18
188800	14
188850	18
188900	15
188950	11
189000	9
189050	17
189100	8
189150	13
189200	14
189250	20
189300	9
189350	13
189400	9
189450	9
189500	10
189550	7
189600	5
189650	16
189700	4
189750	9
189800	8
189850	7
189900	4
189950	7
190000	10
190050	8
190100	11
190150	9
190200	12
190250	12
190300	8
190350	5
190400	16
190450	19
190500	26
190550	19
190600	27
190650	29
190700	15
190750	15
190800	21
190850	20
190900	24
190950	36
191000	29
191050	29
191100	22
191150	18
191200	19
191250	16
191300	6
191350	4
191400	6
191450	3
191500	4
191550	10
191600	5
191650	3
191700	2
191750	5
191800	2
191850	2
191900	6
191950	6
192000	3
192050	1
192100	1
192150	3
192200	2
192250	2
192300	1
192350	1
192400	1
192450	1
192500	3
192550	1
192600	2
192650	1
192700	1
192750	2
192800	0
192850	0
192900	1
192950	4
193000	5
193050	2
193100	7
193150	0
193200	3
193250	2
193300	2
193350	4
193400	2
193450	1
193500	4
193550	0
193600	4
193650	5
193700	5
193750	1
193800	6
193850	14
193900	10
193950	12
194000	12
194050	12
194100	6
194150	9
194200	16
194250	8
194300	3
194350	4
194400	14
194450	17
194500	11
194550	20
194600	19
194650	12
194700	11
194750	10
194800	6
194850	1
194900	5
194950	3
195000	1
195050	1
195100	7
195150	4
195200	11
195250	13
195300	16
195350	16
195400	17
195450	17
195500	16
195550	20
195600	16
195650	15
195700	12
195750	29
195800	25
195850	38
195900	43
195950	41
196000	37
196050	32
196100	28
196150	24
196200	37
196250	24
196300	31
196350	55
196400	46
196450	41
196500	53
196550	56
196600	49
196650	42
196700	42
196750	38
196800	19
196850	4
196900	13
196950	14
197000	9
197050	11
197100	8
197150	8
197200	2
197250	7
197300	9
197350	6
197400	4
197450	6
197500	7
197550	13
197600	13
197650	18
197700	27
197750	14
197800	16
197850	17
197900	16
197950	16
198000	18
198050	22
198100	19
198150	7
198200	12
198250	10
198300	12
198350	5
198400	19
198450	23
198500	20
198550	10
198600	6
198650	6
198700	9
198750	1
198800	6
198850	6
198900	6
198950	4
199000	2
199050	2
199100	7
199150	2
199200	5
199250	5
199300	3
199350	6
199400	5
199450	3
199500	1
199550	4
199600	6
199650	3
199700	7
199750	6
199800	1
199850	3
199900	2
199950	2
200000	1
200050	3
200100	3
200150	7
200200	7
200250	2
200300	5
200350	7
200400	4
200450	6
200500	1
200550	4
200600	6
200650	5
200700	6
200750	5
200800	7
200850	3
200900	10
200950	10
201000	2
201050	5
201100	8
201150	9
201200	10
201250	9
201300	4
201350	12
201400	7
201450	2
201500	1
201550	1
201600	1
201650	2
201700	3
201750	5
201800	3
201850	6
201900	3
201950	6
202000	3
202050	4
202100	9
202150	16
202200	7
202250	16
202300	14
202350	20
202400	12
202450	38
202500	28
202550	34
202600	34
202650	32
202700	22
202750	34
202800	17
202850	7
202900	9
202950	11
203000	8
203050	13
203100	14
203150	15
203200	26
203250	24
203300	19
203350	29
203400	24
203450	20
203500	11
203550	7
203600	3
203650	5
203700	6
203750	11
203800	7
203850	3
203900	7
203950	3
204000	4
204050	12
204100	13
204150	10
204200	14
204250	7
204300	6
204350	4
204400	4
204450	4
204500	2
204550	7
204600	2
204650	10
204700	8
204750	6
204800	11
204850	6
204900	7
204950	1
205000	7
205050	13
205100	11
205150	10
205200	5
205250	15
205300	10
205350	16
205400	11
205450	9
205500	17
205550	9
205600	8
205650	1
205700	3
205750	8
205800	1
205850	7
205900	14
205950	11
206000	7
206050	12
206100	17
206150	2
206200	5
206250	21
206300	57
206350	40
206400	48
206450	63
206500	6
206550	4
206600	3
206650	1
206700	7
206750	5
206800	4
206850	1
206900	4
206950	7
207000	7
207050	10
207100	20
207150	12
207200	18
207250	16
207300	7
207350	8
207400	4
207450	2
207500	5
207550	4
207600	6
207650	3
207700	4
207750	6
207800	7
207850	7
207900	7
207950	8
208000	7
208050	6
208100	3
208150	11
208200	7
208250	9
208300	9
208350	9
208400	8
208450	7
208500	11
208550	4
208600	4
208650	4
208700	2
208750	5
208800	3
208850	3
208900	2
208950	1
209000	3
209050	3
209100	3
209150	4
209200	4
209250	0
209300	4
209350	2
209400	4
209450	5
209500	0
209550	4
209600	5
209650	0
209700	4
209750	3
209800	2
209850	2
209900	0
209950	4
210000	1
210050	0
210100	1
210150	2
210200	7
210250	3
210300	1
210350	1
210400	0
210450	0
210500	3
210550	0
210600	0
210650	1
210700	0
210750	2
210800	2
210850	2
210900	2
210950	1
211000	1
211050	1
211100	3
211150	3
211200	1
211250	1
211300	0
211350	0
211400	1
211450	1
211500	0
211550	1
211600	1
211650	1
211700	0
211750	0
211800	3
211850	1
211900	1
211950	0
212000	3
212050	1
212100	1
212150	0
212200	1
212250	0
212300	0
212350	0
212400	4
212450	4
212500	0
212550	1
212600	0
212650	1
212700	2
212750	1
212800	0
212850	0
212900	3
212950	2
213000	0
213050	0
213100	1
213150	1
213200	3
213250	3
213300	0
213350	1
213400	1
213450	1
213500	0
213550	0
213600	2
213650	0
213700	0
213750	0
213800	1
213850	1
213900	0
213950	2
214000	5
214050	6
214100	1
214150	2
214200	3
214250	3
214300	4
214350	0
214400	1
214450	3
214500	1
214550	0
214600	0
214650	1
214700	0
214750	1
214800	0
214850	0
214900	0
214950	2
215000	1
215050	3
215100	3
215150	3
215200	4
215250	3
215300	9
215350	6
215400	4
215450	4
215500	3
215550	0
215600	4
215650	4
215700	1
215750	12
215800	2
215850	6
215900	6
215950	7
216000	10
216050	4
216100	10
216150	3
216200	33
216250	35
216300	42
216350	35
216400	35
216450	45
216500	20
216550	30
216600	21
216650	14
216700	7
216750	9
216800	7
216850	3
216900	8
216950	0
217000	11
217050	21
217100	26
217150	28
217200	36
217250	46
217300	37
217350	40
217400	31
217450	28
217500	23
217550	2
217600	3
217650	15
217700	11
217750	14
217800	12
217850	12
217900	11
217950	14
218000	11
218050	9
218100	6
218150	17
218200	17
218250	14
218300	5
218350	11
218400	25
218450	16
218500	21
218550	27
218600	18
218650	17
218700	16
218750	13
218800	11
218850	7
218900	10
218950	5
219000	5
219050	5
219100	6
219150	4
219200	11
219250	2
219300	13
219350	7
219400	15
219450	13
219500	21
219550	9
219600	14
219650	3
219700	6
219750	3
219800	5
219850	2
219900	1
219950	1
220000	4
220050	2
220100	3
220150	3
220200	3
220250	3
220300	3
220350	3
220400	8
220450	4
220500	4
220550	8
220600	6
220650	12
220700	16
220750	23
220800	21
220850	16
220900	14
220950	11
221000	18
221050	18
221100	12
221150	22
221200	24
221250	21
221300	12
221350	21
221400	10
221450	11
221500	18
221550	26
221600	20
221650	17
221700	7
221750	13
221800	7
221850	11
221900	10
221950	11
222000	13
222050	12
222100	10
222150	25
222200	8
222250	7
222300	6
222350	6
222400	8
222450	5
222500	9
222550	7
222600	7
222650	10
222700	17
222750	33
222800	31
222850	21
222900	27
222950	19
223000	16
223050	12
223100	19
223150	13
223200	13
223250	13
223300	20
223350	16
223400	19
223450	11
223500	8
223550	5
223600	10
223650	11
223700	1
223750	2
223800	2
223850	0
223900	1
223950	0
224000	0
224050	2
224100	4
224150	2
224200	0
224250	3
224300	2
224350	6
224400	3
224450	4
224500	1
224550	1
224600	1
224650	0
224700	2
224750	2
224800	1
224850	3
224900	1
224950	3
225000	3
225050	1
225100	1
225150	1
225200	0
225250	2
225300	1
225350	0
225400	2
225450	1
225500	3
225550	5
225600	3
225650	3
225700	2
225750	2
225800	1
225850	4
225900	1
225950	4
226000	8
226050	3
226100	4
226150	2
226200	4
226250	3
226300	3
226350	2
226400	6
226450	4
226500	7
226550	2
226600	8
226650	4
226700	1
226750	2
226800	3
226850	4
226900	4
226950	6
227000	4
227050	5
227100	9
227150	6
227200	9
227250	8
227300	6
227350	6
227400	3
227450	4
227500	10
227550	7
227600	5
227650	8
227700	10
227750	5
227800	12
227850	8
227900	11
227950	8
228000	17
228050	14
228100	17
228150	15
228200	10
228250	9
228300	8
228350	13
228400	5
228450	6
228500	3
228550	1
228600	1
228650	1
228700	3
228750	2
228800	0
228850	2
228900	2
228950	5
229000	5
229050	7
229100	5
229150	5
229200	1
229250	4
229300	4
229350	3
229400	4
229450	6
229500	11
229550	10
229600	5
229650	6
229700	7
229750	4
229800	9
229850	2
229900	0
229950	8
230000	5
230050	8
230100	5
230150	8
230200	5
230250	2
230300	4
230350	1
230400	5
230450	2
230500	2
230550	1
230600	2
230650	5
230700	0
230750	4
230800	3
230850	1
230900	2
230950	0
231000	1
231050	8
231100	6
231150	6
231200	6
231250	3
231300	5
231350	0
231400	7
231450	6
231500	7
231550	5
231600	7
231650	14
231700	8
231750	1
231800	5
231850	5
231900	2
231950	5
232000	3
232050	1
232100	1
232150	1
232200	2
232250	2
232300	3
232350	2
232400	3
232450	4
232500	1
232550	4
232600	5
232650	4
232700	8
232750	7
232800	8
232850	8
232900	7
232950	4
233000	1
233050	2
233100	3
233150	3
233200	3
233250	1
233300	1
233350	3
233400	0
233450	3
233500	1
233550	5
233600	4
233650	3
233700	4
233750	6
233800	2
233850	1
233900	3
233950	2
234000	3
234050	0
234100	6
234150	4
234200	4
234250	3
234300	4
234350	6
234400	1
234450	5
234500	1
234550	3
234600	1
234650	1
234700	0
234750	6
234800	5
234850	10
234900	12
234950	11
235000	7
235050	10
235100	15
235150	7
235200	1
235250	0
235300	0
235350	1
235400	1
235450	0
235500	3
235550	0
235600	1
235650	0
235700	0
235750	1
235800	2
235850	0
235900	0
235950	0
236000	1
236050	1
236100	0
236150	2
236200	0
236250	0
236300	1
236350	0
236400	1
236450	0
236500	2
236550	2
236600	0
236650	3
236700	0
236750	2
236800	0
236850	1
236900	1
236950	0
237000	3
237050	1
237100	2
237150	1
237200	1
237250	0
237300	1
237350	0
237400	1
237450	1
237500	0
237550	0
237600	0
237650	1
237700	0
237750	0
237800	4
237850	0
237900	4
237950	5
238000	3
238050	2
238100	3
238150	3
238200	2
238250	1
238300	1
238350	0
238400	2
238450	2
238500	1
238550	4
238600	2
238650	1
238700	2
238750	2
238800	4
238850	1
238900	5
238950	3
239000	3
239050	6
239100	1
239150	0
239200	4
239250	2
239300	1
239350	1
239400	0
239450	3
239500	2
239550	3
239600	0
239650	1
239700	4
239750	1
239800	3
239850	1
239900	5
239950	3
240000	2
240050	2
240100	3
240150	2
240200	3
240250	0
240300	3
240350	0
240400	1
240450	0
240500	0
240550	0
240600	0
240650	1
240700	0
240750	1
240800	0
240850	1
240900	2
240950	1
241000	2
241050	3
241100	0
241150	0
241200	1
241250	0
241300	2
241350	1
241400	2
241450	3
241500	3
241550	1
241600	2
241650	1
241700	3
241750	1
241800	0
241850	0
241900	2
241950	2
242000	5
242050	6
242100	8
242150	5
242200	6
242250	1
242300	3
242350	0
242400	3
242450	1
242500	0
242550	3
242600	7
242650	2
242700	1
242750	5
242800	4
242850	6
242900	7
242950	5
243000	7
243050	4
243100	2
243150	2
243200	1
243250	0
243300	1
243350	0
243400	2
243450	3
243500	1
243550	2
243600	2
243650	6
243700	2
243750	2
243800	2
243850	1
243900	3
243950	1
244000	1
244050	4
244100	1
244150	7
244200	3
244250	5
244300	0
244350	1
244400	0
244450	2
244500	1
244550	0
244600	0
244650	1
244700	4
244750	0
244800	7
244850	3
244900	2
244950	2
245000	0
245050	2
245100	1
245150	4
245200	2
245250	2
245300	2
245350	3
245400	2
245450	0
245500	3
245550	0
245600	4
245650	4
245700	7
245750	6
245800	11
245850	3
245900	1
245950	6
246000	2
246050	1
246100	1
246150	0
246200	3
246250	1
246300	2
246350	1
246400	1
246450	5
246500	6
246550	4
246600	4
246650	10
246700	8
246750	12
246800	6
246850	6
246900	9
246950	28
247000	30
247050	44
247100	41
247150	22
247200	14
247250	7
247300	4
247350	9
247400	3
247450	15
247500	6
247550	12
247600	9
247650	14
247700	8
247750	13
247800	9
247850	8
247900	9
247950	7
248000	1
248050	3
248100	1
248150	1
248200	6
248250	4
248300	3
248350	2
248400	5
248450	4
248500	3
248550	4
248600	7
248650	0
248700	3
248750	0
248800	1
248850	2
248900	2
248950	3
249000	1
249050	1
249100	2
249150	4
249200	1
249250	0
249300	4
249350	2
249400	5
249450	0
249500	0
249550	4
249600	0
249650	5
249700	8
249750	4
249800	9
249850	14
249900	8
249950	11
250000	6
250050	4
250100	12
250150	1
250200	6
250250	10
250300	11
250350	9
250400	8
250450	6
250500	6
250550	17
250600	19
250650	19
250700	18
250750	19
250800	18
250850	21
250900	36
250950	26
251000	23
251050	42
251100	38
251150	29
251200	28
251250	22
251300	18
251350	19
251400	27
251450	23
251500	9
251550	18
251600	14
251650	18
251700	24
251750	25
251800	29
251850	23
251900	16
251950	10
252000	18
252050	11
252100	7
252150	3
252200	2
252250	1
252300	2
252350	1
252400	0
252450	4
252500	4
252550	7
252600	4
252650	7
252700	7
252750	4
252800	4
252850	11
252900	6
252950	1
253000	5
253050	6
253100	4
253150	1
253200	4
253250	1
253300	1
253350	4
253400	2
253450	11
253500	18
253550	20
253600	16
253650	15
253700	24
253750	15
253800	10
253850	15
253900	16
253950	14
254000	3
254050	3
254100	1
254150	5
254200	1
254250	4
254300	0
254350	1
254400	1
254450	1
254500	0
254550	0
254600	0
254650	1
254700	7
254750	17
254800	32
254850	26
254900	17
254950	21
255000	17
255050	32
255100	21
255150	25
255200	35
255250	33
255300	26
255350	51
255400	36
255450	46
255500	59
255550	55
255600	46
255650	67
255700	58
255750	84
255800	109
255850	135
255900	135
255950	104
256000	68
256050	94
256100	67
256150	52
256200	69
256250	91
256300	54
256350	37
256400	38
256450	36
256500	27
256550	38
256600	30
256650	17
256700	16
256750	12
256800	17
256850	2
256900	2
256950	1
257000	1
257050	0
257100	9
257150	14
257200	13
257250	14
257300	19
257350	10
257400	17
257450	13
257500	9
257550	17
257600	4
257650	1
257700	3
257750	2
257800	2
257850	4
257900	6
257950	2
258000	0
258050	0
258100	0
258150	1
258200	3
258250	3
258300	3
258350	0
258400	3
258450	6
258500	3
258550	3
258600	3
258650	1
258700	1
258750	1
258800	3
258850	0
258900	1
258950	2
259000	0
259050	1
259100	2
259150	0
259200	0
259250	1
259300	1
259350	1
259400	2
259450	0
259500	3
259550	2
259600	3
259650	0
259700	0
259750	3
259800	1
259850	1
259900	1
259950	3
260000	1
260050	1
260100	4
260150	2
260200	0
260250	7
260300	9
260350	3
260400	5
260450	12
260500	10
260550	9
260600	14
260650	13
260700	11
260750	3
260800	6
260850	2
260900	13
260950	2
261000	5
261050	5
261100	1
261150	5
261200	11
261250	8
261300	7
261350	4
261400	2
261450	5
261500	5
261550	5
261600	1
261650	4
261700	6
261750	6
261800	5
261850	5
261900	8
261950	4
262000	1
262050	2
262100	5
262150	1
262200	5
262250	7
262300	5
262350	11
262400	29
262450	21
262500	25
262550	29
262600	30
262650	9
262700	5
262750	1
262800	4
262850	6
262900	19
262950	43
263000	57
263050	57
263100	68
263150	79
263200	84
263250	85
263300	89
263350	112
263400	85
263450	77
263500	34
263550	43
263600	29
263650	1
263700	0
263750	1
263800	1
263850	0
263900	1
263950	1
264000	3
264050	14
264100	15
264150	17
264200	24
264250	21
264300	32
264350	32
264400	49
264450	34
264500	33
264550	17
264600	10
264650	7
264700	5
264750	1
264800	4
264850	1
264900	8
264950	6
265000	15
265050	22
265100	17
265150	20
265200	29
265250	33
265300	43
265350	44
265400	43
265450	33
265500	49
265550	2
265600	9
265650	10
265700	17
265750	23
265800	35
265850	31
265900	30
265950	21
266000	26
266050	31
266100	32
266150	37
266200	154
266250	295
266300	374
266350	792
266400	806
266450	780
266500	1127
266550	1204
266600	1155
266650	1251
266700	1693
266750	1773
266800	1659
266850	2118
266900	1803
266950	1493
267000	1366
267050	1339
267100	1453
267150	1210
267200	1360
267250	1616
267300	1963
267350	1637
267400	1448
267450	1741
267500	854
267550	366
267600	33
267650	20
267700	34
267750	32
267800	39
267850	53
267900	47
267950	53
268000	43
268050	22
268100	9
268150	9
268200	11
268250	13
268300	11
268350	9
268400	13
268450	14
268500	16
268550	6
268600	7
268650	3
268700	9
268750	3
268800	2
268850	5
268900	3
268950	4
269000	7
269050	2
269100	7
269150	9
269200	10
269250	7
269300	6
269350	3
269400	7
269450	5
269500	2
269550	2
269600	1
269650	2
269700	0
269750	0
269800	1
269850	0
269900	3
269950	22
270000	7
270050	7
270100	4
270150	1
270200	3
270250	6
270300	19
270350	8
270400	3
270450	9
270500	9
270550	10
270600	8
270650	14
270700	21
270750	15
270800	13
270850	12
270900	11
270950	11
271000	11
271050	8
271100	3
271150	1
271200	2
271250	3
271300	8
271350	2
271400	8
271450	9
271500	12
271550	14
271600	16
271650	13
271700	16
271750	11
271800	17
271850	8
271900	4
271950	13
272000	7
272050	13
272100	8
272150	6
272200	3
272250	2
272300	2
272350	3
272400	6
272450	7
272500	6
272550	5
272600	6
272650	5
272700	6
272750	3
272800	3
272850	11
272900	5
272950	6
273000	6
273050	6
273100	3
273150	6
273200	4
273250	6
273300	4
273350	5
273400	2
273450	2
273500	3
273550	1
273600	3
273650	2
273700	1
273750	1
273800	2
273850	2
273900	3
273950	1
274000	3
274050	2
274100	2
274150	4
274200	3
274250	3
274300	8
274350	4
274400	6
274450	9
274500	1
274550	2
274600	8
274650	7
274700	11
274750	9
274800	9
274850	6
274900	20
274950	11
275000	18
275050	17
275100	17
275150	22
275200	24
275250	33
275300	24
275350	23
275400	22
275450	25
275500	12
275550	16
275600	15
275650	12
275700	11
275750	10
275800	9
275850	9
275900	11
275950	9
276000	11
276050	21
276100	7
276150	15
276200	16
276250	9
276300	14
276350	5
276400	6
276450	8
276500	7
276550	1
276600	12
276650	26
276700	37
276750	25
276800	23
276850	30
276900	22
276950	27
277000	21
277050	23
277100	34
277150	12
277200	10
277250	13
277300	8
277350	7
277400	10
277450	6
277500	8
277550	8
277600	6
277650	4
277700	3
277750	9
277800	3
277850	1
277900	4
277950	3
278000	5
278050	6
278100	7
278150	2
278200	2
278250	0
278300	1
278350	4
278400	7
278450	0
278500	5
278550	1
278600	1
278650	11
278700	5
278750	16
278800	7
278850	10
278900	7
278950	6
279000	5
279050	0
279100	6
279150	4
279200	8
279250	3
279300	2
279350	9
279400	8
279450	7
279500	8
279550	10
279600	19
279650	19
279700	25
279750	13
279800	11
279850	12
279900	52
279950	43
280000	74
280050	29
280100	35
280150	59
280200	26
280250	30
280300	26
280350	25
280400	45
280450	40
280500	68
280550	57
280600	80
280650	66
280700	84
280750	62
280800	15
280850	16
280900	7
280950	10
281000	8
281050	10
281100	11
281150	7
281200	4
281250	2
281300	7
281350	12
281400	10
281450	14
281500	6
281550	10
281600	5
281650	8
281700	2
281750	6
281800	5
281850	6
281900	6
281950	8
282000	2
282050	2
282100	1
282150	1
282200	3
282250	0
282300	4
282350	5
282400	4
282450	0
282500	4
282550	6
282600	1
282650	5
282700	4
282750	1
282800	3
282850	3
282900	2
282950	1
283000	3
283050	2
283100	2
283150	1
283200	2
283250	1
283300	0
283350	2
283400	0
283450	0
283500	1
283550	1
283600	1
283650	1
283700	1
283750	1
283800	3
283850	0
283900	2
283950	1
284000	1
284050	0
284100	0
284150	0
284200	0
284250	0
284300	0
284350	1
284400	0
284450	1
284500	3
284550	3
284600	4
284650	5
284700	3
284750	1
284800	4
284850	8
284900	6
284950	12
285000	21
285050	25
285100	27
285150	34
285200	49
285250	65
285300	69
285350	58
285400	61
285450	50
285500	42
285550	33
285600	18
285650	29
285700	40
285750	31
285800	45
285850	25
285900	37
285950	37
286000	33
286050	50
286100	38
286150	44
286200	28
286250	14
286300	7
286350	11
286400	18
286450	17
286500	15
286550	10
286600	11
286650	13
286700	6
286750	4
286800	2
286850	4
286900	6
286950	5
287000	8
287050	6
287100	2
287150	0
287200	2
287250	3
287300	3
287350	1
287400	6
287450	1
287500	1
287550	2
287600	4
287650	4
287700	2
287750	7
287800	3
287850	0
287900	1
287950	1
288000	3
288050	3
288100	1
288150	0
288200	1
288250	0
288300	1
288350	0
288400	9
288450	15
288500	14
288550	22
288600	23
288650	27
288700	28
288750	17
288800	21
288850	0
288900	1
288950	0
289000	3
289050	1
289100	1
289150	2
289200	1
289250	6
289300	4
289350	5
289400	5
289450	10
289500	11
289550	1
289600	2
289650	2
289700	7
289750	4
289800	8
289850	10
289900	5
289950	3
290000	2
290050	3
290100	0
290150	1
290200	5
290250	4
290300	4
290350	6
290400	15
290450	17
290500	27
290550	16
290600	11
290650	11
290700	9
290750	8
290800	7
290850	10
290900	6
290950	2
291000	1
291050	7
291100	9
291150	8
291200	14
291250	14
291300	22
291350	20
291400	19
291450	19
291500	9
291550	4
291600	3
291650	7
291700	3
291750	4
291800	5
291850	10
291900	6
291950	3
292000	3
292050	1
292100	2
292150	5
292200	2
292250	3
292300	0
292350	4
292400	4
292450	4
292500	3
292550	5
292600	4
292650	4
292700	4
292750	1
292800	5
292850	5
292900	9
292950	15
293000	5
293050	9
293100	9
293150	8
293200	8
293250	2
293300	4
293350	6
293400	7
293450	8
293500	10
293550	9
293600	8
293650	11
293700	11
293750	3
293800	13
293850	14
293900	14
293950	15
294000	17
294050	13
294100	22
294150	23
294200	20
294250	12
294300	17
294350	23
294400	14
294450	14
294500	32
294550	37
294600	38
294650	51
294700	18
294750	20
294800	13
294850	13
294900	16
294950	12
295000	10
295050	17
295100	24
295150	20
295200	15
295250	19
295300	19
295350	22
295400	21
295450	23
295500	21
295550	23
295600	10
295650	2
295700	5
295750	9
295800	0
295850	8
295900	7
295950	2
296000	8
296050	8
296100	7
296150	3
296200	5
296250	7
296300	9
296350	10
296400	4
296450	14
296500	6
296550	9
296600	11
296650	8
296700	4
296750	3
296800	6
296850	9
296900	13
296950	10
297000	4
297050	11
297100	5
297150	8
297200	3
297250	4
297300	6
297350	5
297400	3
297450	2
297500	6
297550	6
297600	3
297650	4
297700	5
297750	7
297800	7
297850	7
297900	6
297950	8
298000	23
298050	51
298100	50
298150	44
298200	55
298250	34
298300	40
298350	38
298400	42
298450	28
298500	31
298550	26
298600	51
298650	67
298700	67
298750	59
298800	53
298850	54
298900	73
298950	75
299000	46
299050	76
299100	42
299150	41
299200	29
299250	26
299300	29
299350	14
299400	20
299450	11
299500	13
299550	4
299600	6
299650	13
299700	7
299750	26
299800	31
299850	34
299900	43
299950	58
300000	47
300050	62
300100	39
300150	26
300200	23
300250	19
300300	30
300350	30
300400	32
300450	40
300500	32
300550	48
300600	129
300650	353
300700	471
300750	478
300800	603
300850	623
300900	521
300950	438
301000	285
301050	197
301100	179
301150	144
301200	170
301250	52
301300	48
301350	41
301400	35
301450	33
301500	36
301550	38
301600	20
301650	11
301700	10
301750	23
301800	15
301850	13
301900	15
301950	8
302000	13
302050	12
302100	10
302150	9
302200	11
302250	15
302300	16
302350	7
302400	12
302450	9
302500	2
302550	2
302600	1
302650	4
302700	4
302750	2
302800	1
302850	1
302900	1
302950	5
303000	2
303050	4
303100	1
303150	6
303200	1
303250	2
303300	1
303350	2
303400	4
303450	5
303500	0
303550	2
303600	2
303650	2
303700	2
303750	5
303800	1
303850	7
303900	3
303950	3
304000	1
304050	1
304100	8
304150	7
304200	18
304250	16
304300	6
304350	11
304400	11
304450	6
304500	4
304550	5
304600	1
304650	3
304700	4
304750	3
304800	9
304850	4
304900	5
304950	4
305000	9
305050	4
305100	10
305150	2
305200	0
305250	2
305300	2
305350	2
305400	2
305450	3
305500	1
305550	3
305600	1
305650	0
305700	3
305750	1
305800	2
305850	0
305900	1
305950	2
306000	2
306050	1
306100	0
306150	1
306200	2
306250	3
306300	5
306350	4
306400	2
306450	12
306500	5
306550	3
306600	6
306650	7
306700	3
306750	5
306800	6
306850	2
306900	4
306950	3
307000	3
307050	0
307100	1
307150	3
307200	6
307250	5
307300	0
307350	1
307400	1
307450	3
307500	4
307550	1
307600	4
307650	2
307700	0
307750	0
307800	0
307850	1
307900	2
307950	0
308000	3
308050	2
308100	3
308150	1
308200	1
308250	5
308300	5
308350	4
308400	2
308450	9
308500	5
308550	8
308600	5
308650	4
308700	9
308750	7
308800	10
308850	7
308900	6
308950	6
309000	3
309050	5
309100	7
309150	6
309200	4
309250	8
309300	1
309350	9
309400	4
309450	2
309500	2
309550	0
309600	2
309650	3
309700	2
309750	1
309800	4
309850	5
309900	3
309950	5
310000	4
310050	2
310100	8
310150	6
310200	10
310250	6
310300	4
310350	5
310400	3
310450	2
310500	2
310550	4
310600	5
310650	6
310700	5
310750	1
310800	6
310850	2
310900	7
310950	5
311000	3
311050	4
311100	4
311150	7
311200	4
311250	2
311300	4
311350	4
311400	6
311450	5
311500	7
311550	3
311600	5
311650	4
311700	6
311750	0
311800	3
311850	6
311900	8
311950	2
312000	4
312050	4
312100	2
312150	8
312200	3
312250	6
312300	7
312350	5
312400	5
312450	4
312500	3
312550	2
312600	5
312650	3
312700	1
312750	6
312800	3
312850	3
312900	0
312950	1
313000	2
313050	2
313100	1
313150	2
313200	2
313250	5
313300	6
313350	2
313400	2
313450	0
313500	0
313550	1
313600	0
313650	1
313700	1
313750	0
313800	0
313850	1
313900	0
313950	1
314000	0
314050	2
314100	2
314150	5
314200	1
314250	1
314300	5
314350	1
314400	6
314450	2
314500	4
314550	7
314600	8
314650	6
314700	5
314750	9
314800	3
314850	8
314900	5
314950	2
315000	6
315050	7
315100	5
315150	2
315200	8
315250	5
315300	3
315350	2
315400	4
315450	5
315500	7
315550	8
315600	0
315650	1
315700	0
315750	0
315800	0
315850	0
315900	0
315950	0
316000	1
316050	0
316100	0
316150	0
316200	2
316250	0
316300	0
316350	0
316400	0
316450	2
316500	1
316550	0
316600	1
316650	1
316700	1
316750	0
316800	0
316850	1
316900	0
316950	0
317000	0
317050	0
317100	0
317150	0
317200	0
317250	0
317300	0
317350	0
317400	0
317450	1
317500	0
317550	0
317600	0
317650	0
317700	0
317750	1
317800	2
317850	3
317900	4
317950	4
318000	5
318050	6
318100	3
318150	3
318200	2
318250	5
318300	11
318350	15
318400	16
318450	10
318500	11
318550	5
318600	4
318650	4
318700	6
318750	2
318800	7
318850	7
318900	8
318950	7
319000	9
319050	11
319100	12
319150	1
319200	3
319250	5
319300	3
319350	7
319400	1
319450	2
319500	3
319550	0
319600	12
319650	19
319700	33
319750	25
319800	45
319850	39
319900	37
319950	24
320000	22
320050	30
320100	22
320150	13
320200	14
320250	5
320300	10
320350	2
320400	11
320450	19
320500	10
320550	14
320600	14
320650	21
320700	6
320750	5
320800	2
320850	4
320900	2
320950	3
321000	1
321050	0
321100	3
321150	2
321200	0
321250	2
321300	2
321350	1
321400	4
321450	17
321500	17
321550	40
321600	33
321650	56
321700	34
321750	37
321800	37
321850	17
321900	2
321950	0
322000	4
322050	3
322100	13
322150	6
322200	12
322250	24
322300	11
322350	20
322400	14
322450	20
322500	13
322550	6
322600	3
322650	1
322700	4
322750	3
322800	2
322850	6
322900	7
322950	6
323000	10
323050	10
323100	12
323150	11
323200	6
323250	5
323300	4
323350	4
323400	3
323450	2
323500	4
323550	4
323600	1
323650	3
323700	2
323750	0
323800	2
323850	7
323900	6
323950	4
324000	4
324050	8
324100	2
324150	7
324200	7
324250	8
324300	8
324350	7
324400	11
324450	11
324500	15
324550	9
324600	12
324650	18
324700	19
324750	14
324800	14
324850	20
324900	21
324950	19
325000	19
325050	24
325100	8
325150	17
325200	13
325250	12
325300	10
325350	12
325400	16
325450	15
325500	15
325550	15
325600	15
325650	10
325700	8
325750	9
325800	11
325850	5
325900	10
325950	12
326000	14
326050	17
326100	11
326150	14
326200	10
326250	14
326300	0
326350	7
326400	6
326450	0
326500	2
326550	1
326600	2
326650	5
326700	2
326750	3
326800	5
326850	4
326900	3
326950	3
327000	3
327050	2
327100	1
327150	5
327200	3
327250	4
327300	2
327350	3
327400	4
327450	2
327500	1
327550	2
327600	0
327650	0
327700	3
327750	0
327800	3
327850	2
327900	0
327950	3
328000	0
328050	3
328100	2
328150	0
328200	0
328250	0
328300	0
328350	0
328400	0
328450	1
328500	0
328550	0
328600	1
328650	3
328700	0
328750	2
328800	0
328850	1
328900	0
328950	0
329000	0
329050	0
329100	2
329150	2
329200	1
329250	1
329300	6
329350	1
329400	0
329450	0
329500	6
329550	4
329600	2
329650	4
329700	6
329750	8
329800	7
329850	11
329900	7
329950	5
330000	5
330050	5
330100	6
330150	5
330200	9
330250	4
330300	10
330350	5
330400	4
330450	5
330500	4
330550	5
330600	2
330650	9
330700	8
330750	6
330800	4
330850	4
330900	5
330950	4
331000	1
331050	3
331100	1
331150	6
331200	7
331250	8
331300	1
331350	14
331400	14
331450	17
331500	19
331550	17
331600	7
331650	3
331700	4
331750	1
331800	6
331850	11
331900	6
331950	6
332000	10
332050	21
332100	15
332150	23
332200	22
332250	20
332300	10
332350	14
332400	12
332450	8
332500	2
332550	4
332600	3
332650	1
332700	3
332750	3
332800	3
332850	4
332900	3
332950	4
333000	6
333050	2
333100	6
333150	3
333200	5
333250	6
333300	5
333350	3
333400	3
333450	4
333500	12
333550	20
333600	20
333650	13
333700	16
333750	16
333800	8
333850	5
333900	10
333950	4
334000	17
334050	13
334100	19
334150	10
334200	11
334250	20
334300	9
334350	18
334400	11
334450	17
334500	18
334550	35
334600	31
334650	24
334700	20
334750	14
334800	22
334850	14
334900	28
334950	20
335000	17
335050	16
335100	30
335150	32
335200	13
335250	11
335300	14
335350	15
335400	17
335450	21
335500	31
335550	27
335600	28
335650	32
335700	32
335750	18
335800	19
335850	29
335900	21
335950	13
336000	13
336050	15
336100	11
336150	19
336200	13
336250	28
336300	43
336350	44
336400	48
336450	41
336500	40
336550	26
336600	21
336650	7
336700	2
336750	4
336800	8
336850	12
336900	13
336950	14
337000	14
337050	28
337100	33
337150	18
337200	40
337250	19
337300	9
337350	0
337400	2
337450	2
337500	11
337550	18
337600	20
337650	19
337700	31
337750	22
337800	24
337850	14
337900	19
337950	20
338000	3
338050	0
338100	1
338150	4
338200	2
338250	3
338300	3
338350	3
338400	3
338450	4
338500	6
338550	4
338600	0
338650	3
338700	0
338750	2
338800	0
338850	0
338900	0
338950	0
339000	0
339050	2
339100	3
339150	10
339200	17
339250	9
339300	4
339350	4
339400	7
339450	2
339500	5
339550	9
339600	4
339650	12
339700	4
339750	2
339800	5
339850	8
339900	7
339950	6
340000	14
340050	14
340100	9
340150	14
340200	5
340250	1
340300	6
340350	2
340400	10
340450	14
340500	2
340550	5
340600	2
340650	3
340700	2
340750	2
340800	0
340850	0
340900	3
340950	2
341000	3
341050	1
341100	2
341150	1
341200	1
341250	2
341300	0
341350	4
341400	4
341450	0
341500	4
341550	2
341600	3
341650	2
341700	4
341750	7
341800	10
341850	10
341900	8
341950	6
342000	3
342050	5
342100	8
342150	5
342200	6
342250	13
342300	10
342350	7
342400	14
342450	17
342500	16
342550	19
342600	19
342650	37
342700	31
342750	21
342800	19
342850	14
342900	33
342950	15
343000	14
343050	15
343100	24
343150	12
343200	10
343250	5
343300	6
343350	5
343400	5
343450	8
343500	8
343550	7
343600	9
343650	8
343700	5
343750	9
343800	7
343850	5
343900	4
343950	7
344000	1
344050	3
344100	6
344150	2
344200	2
344250	5
344300	5
344350	4
344400	9
344450	7
344500	6
344550	11
344600	3
344650	5
344700	3
344750	16
344800	17
344850	13
344900	7
344950	9
345000	11
345050	9
345100	3
345150	5
345200	2
345250	9
345300	7
345350	10
345400	6
345450	7
345500	8
345550	12
345600	9
345650	8
345700	12
345750	10
345800	7
345850	8
345900	11
345950	6
346000	9
346050	5
346100	5
346150	13
346200	3
346250	3
346300	3
346350	6
346400	3
346450	6
346500	3
346550	6
346600	3
346650	3
346700	3
346750	2
346800	4
346850	4
346900	3
346950	2
347000	3
347050	2
347100	3
347150	1
347200	0
347250	1
347300	1
347350	1
347400	7
347450	5
347500	15
347550	21
347600	22
347650	16
347700	13
347750	16
347800	9
347850	7
347900	8
347950	8
348000	12
348050	7
348100	9
348150	12
348200	23
348250	13
348300	17
348350	26
348400	15
348450	7
348500	6
348550	5
348600	6
348650	13
348700	10
348750	13
348800	9
348850	13
348900	7
348950	2
349000	5
349050	4
349100	3
349150	6
349200	15
349250	41
349300	68
349350	81
349400	80
349450	119
349500	111
349550	117
349600	111
349650	128
349700	103
349750	88
349800	102
349850	91
349900	103
349950	86
350000	62
350050	54
350100	36
350150	45
350200	44
350250	29
350300	43
350350	81
350400	86
350450	89
350500	84
350550	64
350600	77
350650	87
350700	68
350750	53
350800	63
350850	62
350900	25
350950	24
351000	10
351050	12
351100	9
351150	5
351200	8
351250	19
351300	26
351350	24
351400	14
351450	17
351500	13
351550	23
351600	11
351650	2
351700	2
351750	3
351800	1
351850	1
351900	1
351950	8
352000	12
352050	18
352100	21
352150	16
352200	20
352250	16
352300	11
352350	12
352400	6
352450	16
352500	20
352550	25
352600	22
352650	25
352700	18
352750	24
352800	27
352850	28
352900	27
352950	20
353000	25
353050	9
353100	18
353150	24
353200	5
353250	11
353300	12
353350	12
353400	7
353450	8
353500	9
353550	16
353600	13
353650	12
353700	26
353750	12
353800	20
353850	35
353900	21
353950	33
354000	53
354050	48
354100	43
354150	39
354200	36
354250	26
354300	13
354350	11
354400	13
354450	30
354500	26
354550	19
354600	23
354650	29
354700	60
354750	72
354800	40
354850	34
354900	27
354950	12
355000	3
355050	2
355100	6
355150	2
355200	5
355250	30
355300	43
355350	43
355400	46
355450	34
355500	16
355550	15
355600	24
355650	20
355700	26
355750	18
355800	22
355850	39
355900	51
355950	60
356000	88
356050	71
356100	79
356150	73
356200	24
356250	24
356300	21
356350	18
356400	10
356450	4
356500	4
356550	4
356600	5
356650	3
356700	5
356750	2
356800	2
356850	4
356900	4
356950	6
357000	7
357050	4
357100	5
357150	1
357200	1
357250	0
357300	1
357350	1
357400	3
357450	4
357500	2
357550	0
357600	1
357650	3
357700	1
357750	5
357800	4
357850	3
357900	5
357950	3
358000	2
358050	12
358100	10
358150	15
358200	11
358250	7
358300	9
358350	5
358400	1
358450	4
358500	4
358550	2
358600	8
358650	11
358700	9
358750	17
358800	11
358850	8
358900	16
358950	0
359000	1
359050	5
359100	0
359150	3
359200	0
359250	1
359300	0
359350	0
359400	2
359450	1
359500	2
359550	2
359600	0
359650	0
359700	0
359750	1
359800	3
359850	1
359900	14
359950	22
360000	15
360050	11
360100	12
360150	4
360200	11
360250	6
360300	8
360350	10
360400	17
360450	15
360500	13
360550	9
360600	12
360650	1
360700	2
360750	2
360800	1
360850	5
360900	5
360950	0
361000	3
361050	5
361100	5
361150	3
361200	1
361250	0
361300	0
361350	1
361400	1
361450	0
361500	2
361550	1
361600	0
361650	2
361700	1
361750	0
361800	0
361850	0
361900	0
361950	1
362000	4
362050	2
362100	2
362150	0
362200	1
362250	0
362300	1
362350	0
362400	0
362450	4
362500	0
362550	0
362600	3
362650	1
362700	0
362750	0
362800	0
362850	0
362900	1
362950	0
363000	0
363050	0
363100	0
363150	0
363200	0
363250	0
363300	0
363350	1
363400	0
363450	5
363500	5
363550	2
363600	2
363650	3
363700	3
363750	3
363800	3
363850	11
363900	7
363950	9
364000	7
364050	12
364100	8
364150	7
364200	9
364250	6
364300	7
364350	3
364400	5
364450	2
364500	3
364550	7
364600	5
364650	2
364700	3
364750	4
364800	1
364850	1
364900	2
364950	4
365000	2
365050	2
365100	2
365150	3
365200	2
365250	4
365300	4
365350	5
365400	6
365450	7
365500	3
365550	4
365600	7
365650	2
365700	0
365750	5
365800	2
365850	0
365900	2
365950	5
366000	3
366050	5
366100	3
366150	0
366200	1
366250	1
366300	1
366350	2
366400	3
366450	5
366500	0
366550	0
366600	1
366650	0
366700	1
366750	0
366800	3
366850	0
366900	0
366950	0
367000	0
367050	0
367100	0
367150	0
367200	0
367250	0
367300	0
367350	0
367400	0
367450	0
367500	0
367550	0
367600	0
367650	0
367700	0
367750	0
