OverlapSize	Count
0	527
1	498
2	240
3	189
4	248
5	172
6	189
7	244
8	317
9	462
10	749
11	539
12	710
13	987
14	756
15	513
16	463
17	832
18	508
19	147
20	224
21	147
22	94
23	88
24	583
25	150
26	267
27	48
28	69
29	425
30	12
31	89
32	5
33	41
34	11
35	3306
36	243
37	30
38	6
39	2
40	8
41	7
42	8
43	1
44	31
45	3
46	4
47	24
49	9
50	1
51	29
52	10
54	113
56	6
58	130
59	4
60	1
61	2
62	13
63	4
64	12
65	1
66	1
67	1
73	1
76	3
81	1
82	429
84	7
85	1
87	6
88	5
90	102
91	26
95	2
97	282
104	1
106	2
112	1
120	1
129	3
130	1
131	1
132	2
133	1
146	1
