OverlapSize	Count
0	561
1	442
2	208
3	188
4	252
5	224
6	263
7	311
8	507
9	686
10	1186
11	966
12	1103
13	1684
14	1220
15	664
16	695
17	1356
18	645
19	211
20	437
21	161
22	171
23	143
24	1404
25	218
26	478
27	75
28	128
29	562
30	18
31	140
32	2
33	51
34	26
35	3461
36	202
37	27
38	12
39	2
40	3
41	29
42	31
44	32
45	1
46	5
47	29
48	1
49	18
50	5
51	35
52	16
53	1
54	154
55	11
56	12
57	2
58	282
59	6
61	10
62	22
63	1
64	30
68	1
73	1
75	1
76	5
78	1
81	1
82	499
84	7
87	8
88	1
89	1
90	166
91	37
95	3
96	1
97	469
99	1
109	1
112	1
114	1
123	2
124	3
130	3
132	1
140	1
