OverlapSize	Count
0	390
1	309
2	167
3	127
4	182
5	192
6	160
7	292
8	343
9	554
10	872
11	573
12	759
13	1128
14	879
15	460
16	512
17	853
18	541
19	157
20	265
21	139
22	84
23	103
24	679
25	165
26	365
27	33
28	109
29	401
30	15
31	182
32	6
33	41
34	13
35	3527
36	304
37	35
38	10
39	10
40	2
41	9
42	15
44	36
45	4
46	3
47	58
48	4
49	23
50	1
51	29
52	10
54	151
55	4
56	13
57	1
58	169
59	3
61	12
62	14
63	6
64	29
68	6
73	1
74	1
76	1
78	2
80	1
81	1
82	474
84	3
87	9
88	2
89	1
90	96
91	39
93	1
95	1
96	2
97	345
99	1
102	1
103	1
109	1
112	1
116	1
125	1
126	2
129	3
130	2
131	4
132	1
140	2
143	1
144	1
