OverlapSize	Count
0	120
1	94
2	62
3	40
4	47
5	34
6	32
7	43
8	73
9	80
10	110
11	133
12	156
13	138
14	135
15	141
16	66
17	80
18	28
19	65
20	22
21	14
22	34
23	11
24	28
25	35
26	5
27	4
28	7
29	11
30	28
31	52
32	6
33	1
34	4
35	10
36	2
37	1
39	2
40	1
41	12
42	22
43	4
44	3
45	1
46	3
47	5
48	2
49	1
50	3
51	1
52	9
53	2
54	3
55	8
56	3
57	8
63	3
65	1
67	9
71	1
72	2
74	1
75	16
77	4
79	1
82	1
87	3
88	3
91	11
93	1
96	8
98	2
99	11
100	8
101	1
102	1
103	1
104	1
105	1
107	3
108	2
110	1
112	3
113	1
114	2
117	2
119	2
121	1
123	1
124	1
125	2
126	1
127	2
128	2
131	2
134	2
135	1
136	2
138	1
142	1
144	3
