OverlapSize	Count
0	204
1	231
2	94
3	62
4	79
5	53
6	38
7	49
8	80
9	155
10	165
11	186
12	330
13	228
14	198
15	161
16	89
17	142
18	40
19	95
20	42
21	24
22	37
23	18
24	83
25	64
26	8
27	14
28	35
29	26
30	47
31	67
32	10
33	6
34	7
35	7
36	7
37	3
38	1
39	5
40	2
41	8
42	93
43	6
44	3
45	2
46	6
47	3
49	4
50	4
51	2
52	28
53	2
55	3
57	14
59	2
60	2
62	1
63	9
65	3
67	17
69	2
70	1
71	16
72	6
75	36
77	2
78	1
80	1
81	1
82	1
83	1
84	1
85	3
87	2
88	7
89	1
90	7
91	25
93	3
94	2
95	1
96	9
97	1
98	5
99	35
100	17
101	1
102	6
103	1
104	1
105	1
107	3
108	2
110	3
111	1
112	8
114	11
117	10
118	5
119	4
121	5
123	4
125	5
126	3
127	3
129	3
131	2
133	2
134	6
135	4
138	2
141	2
142	6
143	5
144	5
148	3
