OverlapSize	Count
0	83
1	67
2	37
3	35
4	19
5	32
6	30
7	29
8	57
9	54
10	55
11	72
12	84
13	74
14	84
15	73
16	42
17	37
18	20
19	40
20	23
21	15
22	16
23	9
24	23
25	23
26	2
27	2
28	5
29	4
30	17
31	22
32	2
33	1
34	6
35	3
36	2
37	2
38	1
39	2
41	3
42	17
43	1
44	2
46	1
47	3
48	1
49	2
52	3
54	1
55	5
56	2
57	1
59	1
63	2
64	1
67	5
70	1
71	1
73	2
75	5
79	1
87	2
90	1
91	4
93	3
96	3
99	5
100	2
101	1
102	3
107	2
108	1
110	1
114	2
115	1
117	1
118	1
121	2
124	1
126	1
127	1
129	1
131	2
134	2
135	2
141	1
142	1
143	1
