OverlapSize	Count
0	223
1	215
2	113
3	78
4	79
5	63
6	65
7	79
8	118
9	134
10	189
11	205
12	349
13	245
14	219
15	211
16	120
17	190
18	42
19	138
20	69
21	21
22	36
23	27
24	114
25	58
26	7
27	24
28	27
29	44
30	51
31	89
32	11
33	3
34	3
35	7
36	6
37	8
38	2
39	10
40	4
41	7
42	95
43	2
44	3
45	2
46	3
47	2
48	3
49	4
50	5
52	36
53	6
54	2
55	8
56	5
57	17
58	4
59	3
60	1
62	1
63	13
64	1
65	5
66	5
67	24
70	3
71	12
72	5
73	1
75	35
77	3
80	3
81	4
82	1
86	3
88	6
90	9
91	30
93	6
94	3
96	8
97	2
98	2
99	41
100	21
101	1
102	10
104	2
105	1
107	8
110	4
112	7
114	6
115	1
116	1
117	9
118	6
119	4
120	1
121	5
125	6
126	2
127	7
128	6
129	2
130	1
131	4
133	3
134	7
135	10
136	1
138	2
139	1
141	3
142	3
143	4
144	11
148	4
