OverlapSize	Count
0	201
1	190
2	83
3	51
4	65
5	62
6	48
7	72
8	107
9	147
10	165
11	207
12	299
13	251
14	224
15	201
16	110
17	138
18	48
19	86
20	59
21	19
22	38
23	15
24	95
25	60
26	6
27	11
28	26
29	29
30	41
31	72
32	9
33	4
34	4
35	12
36	3
37	2
38	2
39	11
40	2
41	8
42	73
43	5
44	3
45	1
46	3
47	2
48	4
49	8
50	4
51	2
52	23
53	5
54	1
55	5
56	3
57	7
58	2
59	1
61	1
62	1
63	4
65	5
67	16
71	10
72	4
75	30
77	1
79	1
81	1
82	1
84	2
86	1
87	3
88	8
89	2
90	3
91	27
92	1
93	7
94	2
96	9
97	3
98	5
99	21
100	10
101	1
102	1
104	2
105	1
106	1
107	1
108	1
109	3
110	7
112	6
113	2
114	7
116	1
117	12
118	7
119	1
121	5
122	1
123	1
125	1
126	1
127	8
128	7
129	2
133	2
134	4
135	4
138	1
141	4
142	3
143	3
144	7
146	1
148	4
